RTO_iter	rho	tr	cost_unmodified	cost	con_unmodified	con	merit	cost_eps	u1_cost_lam	u2_cost_lam	con_eps	u1_con_lam	u2_con_lam
0								0.000000e+00	0.000000e+00	0.000000e+00	0.000000e+00	0.000000e+00	0.000000e+00
1	9.778361e-01	1.000000e+00	4.500000e+00	4.500000e+00	4.750000e+00	4.750000e+00	5.200000e+01	2.250000e+00	-1.500000e+00	-1.500000e+00	-3.000000e+00	0.000000e+00	2.000000e+00
2	8.495935e-01	2.000000e+00	1.553059e+00	1.829588e+00	2.796201e+00	5.931252e-01	7.760840e+00	6.419930e-01	-1.101538e+00	-5.828153e-01	-2.203075e+00	0.000000e+00	2.000000e+00
3	5.694640e-01	2.000000e+00	6.238827e-01	-8.110602e-01	2.321950e-01	-5.213716e-09	-8.110602e-01	-9.070508e-02	-1.160975e-01	7.812836e-01	-2.321950e-01	1.654232e-14	2.000000e+00
4	5.689939e-01	2.000000e+00	3.338239e-01	-1.941004e-02	1.072522e+00	-8.004980e-09	-1.941004e-02	-1.153251e-01	-5.362608e-01	2.150540e-01	-1.072522e+00	0.000000e+00	2.000000e+00
5	5.692865e-01	2.000000e+00	3.071315e-01	1.139166e-01	6.726176e-01	-7.112924e-09	1.139166e-01	-1.481393e-01	-3.363088e-01	4.404860e-01	-6.726176e-01	0.000000e+00	2.000000e+00
6	5.691003e-01	2.000000e+00	2.894721e-01	1.395580e-01	8.365833e-01	-7.331247e-09	1.395580e-01	-1.415435e-01	-4.182917e-01	3.383846e-01	-8.365833e-01	0.000000e+00	2.000000e+00
7	5.691798e-01	2.000000e+00	2.917434e-01	1.443147e-01	7.645195e-01	-7.124004e-09	1.443147e-01	-1.458715e-01	-3.822598e-01	3.816030e-01	-7.645195e-01	0.000000e+00	2.000000e+00
8	5.691448e-01	2.000000e+00	2.897681e-01	1.452013e-01	7.952952e-01	-7.169386e-09	1.452013e-01	-1.442779e-01	-3.976476e-01	3.628284e-01	-7.952952e-01	0.000000e+00	2.000000e+00
9	5.691598e-01	2.000000e+00	2.904346e-01	1.453657e-01	7.819858e-01	-7.147682e-09	1.453657e-01	-1.450152e-01	-3.909929e-01	3.708897e-01	-7.819858e-01	0.000000e+00	2.000000e+00
10	5.691535e-01	2.000000e+00	2.901131e-01	1.453963e-01	7.877107e-01	-7.156644e-09	1.453963e-01	-1.447069e-01	-3.938554e-01	3.674113e-01	-7.877107e-01	0.000000e+00	2.000000e+00
11	1.000000e+00	2.000000e+00	2.902453e-01	1.454019e-01	7.852424e-01	-7.152709e-09	1.454019e-01	-1.448415e-01	-3.926212e-01	3.689090e-01	-7.852425e-01	0.000000e+00	2.000000e+00
12	1.000000e+00	2.000000e+00	2.901872e-01	1.454030e-01	7.863056e-01	-7.154391e-09	1.454030e-01	-1.447838e-01	-3.931528e-01	3.682635e-01	-7.863056e-01	0.000000e+00	2.000000e+00
13	1.000000e+00	2.000000e+00	2.902120e-01	1.454032e-01	7.858475e-01	-7.153664e-09	1.454032e-01	-1.448087e-01	-3.929237e-01	3.685416e-01	-7.858475e-01	0.000000e+00	2.000000e+00
14	1.000000e+00	2.000000e+00	2.902012e-01	1.454032e-01	7.860448e-01	-7.153977e-09	1.454032e-01	-1.447980e-01	-3.930224e-01	3.684218e-01	-7.860448e-01	0.000000e+00	2.000000e+00
15	1.000000e+00	2.000000e+00	2.902059e-01	1.454032e-01	7.859598e-01	-7.153842e-09	1.454032e-01	-1.448026e-01	-3.929799e-01	3.684734e-01	-7.859598e-01	0.000000e+00	2.000000e+00
16	1.000000e+00	2.000000e+00	2.902039e-01	1.454032e-01	7.859964e-01	-7.153900e-09	1.454032e-01	-1.448007e-01	-3.929982e-01	3.684512e-01	-7.859964e-01	0.000000e+00	2.000000e+00
17	1.000000e+00	2.000000e+00	2.902047e-01	1.454032e-01	7.859807e-01	-7.153875e-09	1.454032e-01	-1.448015e-01	-3.929903e-01	3.684607e-01	-7.859807e-01	0.000000e+00	2.000000e+00
18	1.000000e+00	2.000000e+00	2.902044e-01	1.454032e-01	7.859875e-01	-7.153886e-09	1.454032e-01	-1.448011e-01	-3.929937e-01	3.684566e-01	-7.859875e-01	0.000000e+00	2.000000e+00
19	1.000000e+00	2.000000e+00	2.902045e-01	1.454032e-01	7.859845e-01	-7.153881e-09	1.454032e-01	-1.448013e-01	-3.929923e-01	3.684584e-01	-7.859845e-01	0.000000e+00	2.000000e+00
20	1.000000e+00	2.000000e+00	2.902044e-01	1.454032e-01	7.859858e-01	-7.153883e-09	1.454032e-01	-1.448012e-01	-3.929929e-01	3.684576e-01	-7.859858e-01	0.000000e+00	2.000000e+00
21	1.000000e+00	2.000000e+00	2.902045e-01	1.454032e-01	7.859852e-01	-7.153882e-09	1.454032e-01	-1.448013e-01	-3.929926e-01	3.684580e-01	-7.859853e-01	0.000000e+00	2.000000e+00
22	1.000000e+00	2.000000e+00	2.902045e-01	1.454032e-01	7.859855e-01	-7.153882e-09	1.454032e-01	-1.448012e-01	-3.929927e-01	3.684578e-01	-7.859855e-01	0.000000e+00	2.000000e+00
23	1.000000e+00	2.000000e+00	2.902045e-01	1.454032e-01	7.859854e-01	-7.153882e-09	1.454032e-01	-1.448013e-01	-3.929927e-01	3.684579e-01	-7.859854e-01	0.000000e+00	2.000000e+00
24	1.000000e+00	2.000000e+00	2.902045e-01	1.454032e-01	7.859854e-01	-7.153882e-09	1.454032e-01	-1.448013e-01	-3.929927e-01	3.684579e-01	-7.859854e-01	0.000000e+00	2.000000e+00
25		2.000000e+00	2.902045e-01	1.454032e-01	7.859854e-01	-7.153882e-09	1.454032e-01	-1.448013e-01	-3.929927e-01	3.684579e-01	-7.859854e-01	0.000000e+00	2.000000e+00
