RTO_iter	rho	tr	cost_unmodified	cost	con_unmodified	con	merit	cost_eps	u1_cost_lam	u2_cost_lam	con_eps	u1_con_lam	u2_con_lam
0								0.000000e+00	0.000000e+00	0.000000e+00	0.000000e+00	0.000000e+00	0.000000e+00
1	9.405873e-01	1.000000e-01	1.220000e+00	1.220000e+00	2.090000e+00	2.090000e+00	2.212000e+01	1.100000e-01	-1.000000e-01	-1.100000e+00	-1.800000e-01	0.000000e+00	1.620000e+00
2	8.623362e-01	2.000000e-01	1.020230e+00	1.077255e+00	2.004648e+00	1.889156e+00	1.996881e+01	6.067827e-02	-6.018058e-02	-1.008270e+00	-1.131178e-01	2.220446e-14	1.779278e+00
3	8.719374e-01	2.000000e-01	6.790734e-01	6.505569e-01	1.823579e+00	1.848280e+00	1.913336e+01	-1.423399e-02	1.727681e-02	-8.238780e-01	3.515060e-02	0.000000e+00	2.089107e+00
4	8.773049e-01	2.000000e-01	4.134738e-01	3.439327e-01	1.629122e+00	1.812705e+00	1.847098e+01	-5.625785e-02	8.832743e-02	-6.369239e-01	1.922583e-01	0.000000e+00	2.373310e+00
5	9.777827e-01	2.000000e-01	2.245243e-01	1.430247e-01	1.424303e+00	1.772776e+00	1.787079e+01	-6.906868e-02	1.541487e-01	-4.480653e-01	3.558210e-01	-4.440892e-14	2.636595e+00
6	9.723767e-01	4.000000e-01	9.980986e-02	4.444939e-02	1.214975e+00	1.668411e+00	1.672856e+01	-4.808385e-02	1.911716e-01	-2.515219e-01	4.554365e-01	0.000000e+00	2.784687e+00
7	9.378482e-01	4.000000e-01	2.495245e-02	2.313139e-02	1.079770e+00	1.353058e+00	1.355371e+01	-1.202096e-02	1.257609e-01	-9.558581e-02	2.831534e-01	0.000000e+00	2.523044e+00
8	9.834415e-01	4.000000e-01	6.238093e-03	5.782845e-03	1.060596e+00	1.147033e+00	1.147611e+01	-3.005228e-03	4.779277e-02	-6.288040e-02	1.001538e-01	0.000000e+00	2.211171e+00
9	9.662536e-01	4.000000e-01	9.543878e-04	1.524289e-03	1.019631e+00	1.065832e+00	1.065985e+01	-4.720273e-04	2.339282e-02	-2.017830e-02	4.788010e-02	0.000000e+00	2.113571e+00
10	9.733569e-01	4.000000e-01	1.452233e-04	8.266523e-04	1.001232e+00	9.743659e-01	9.744485e+00	1.646679e-05	-1.197211e-02	-1.375429e-03	-2.365756e-02	2.220446e-14	1.972112e+00
11	9.699625e-01	4.000000e-01	2.550236e-03	2.268601e-03	9.711332e-01	8.869844e-01	8.872113e+00	-1.153480e-03	-4.264545e-02	2.704813e-02	-8.165363e-02	0.000000e+00	1.849418e+00
12	9.709917e-01	4.000000e-01	8.313889e-03	5.223521e-03	9.423750e-01	8.010924e-01	8.016147e+00	-3.895410e-03	-7.488751e-02	5.201683e-02	-1.385587e-01	0.000000e+00	1.720450e+00
13	9.700521e-01	4.000000e-01	1.746450e-02	9.938165e-03	9.098950e-01	7.177300e-01	7.187238e+00	-8.362698e-03	-1.060458e-01	7.885934e-02	-1.896001e-01	0.000000e+00	1.595817e+00
14	9.700681e-01	4.000000e-01	2.993476e-02	1.630344e-02	8.758301e-01	6.364168e-01	6.380472e+00	-1.445758e-02	-1.372606e-01	1.053294e-01	-2.368403e-01	0.000000e+00	1.470958e+00
15	9.696522e-01	4.000000e-01	4.575979e-02	2.434418e-02	8.393341e-01	5.573077e-01	5.597421e+00	-2.224868e-02	-1.679795e-01	1.324488e-01	-2.795247e-01	0.000000e+00	1.348082e+00
16	9.695101e-01	4.000000e-01	6.490228e-02	3.403121e-02	8.008608e-01	4.802710e-01	4.836741e+00	-3.170303e-02	-1.984413e-01	1.597602e-01	-3.181247e-01	0.000000e+00	1.226235e+00
17	9.692749e-01	4.000000e-01	8.736930e-02	4.535833e-02	7.602799e-01	4.053054e-01	4.098412e+00	-4.284491e-02	-2.284925e-01	1.875112e-01	-3.525674e-01	0.000000e+00	1.106030e+00
18	9.691618e-01	4.000000e-01	1.131393e-01	5.831032e-02	7.177471e-01	3.323416e-01	3.381726e+00	-5.566278e-02	-2.581826e-01	2.155946e-01	-3.830487e-01	0.000000e+00	9.872694e-01
19	9.690513e-01	4.000000e-01	1.422066e-01	7.287706e-02	6.732824e-01	2.613420e-01	2.686297e+00	-7.016345e-02	-2.874469e-01	2.440919e-01	-4.096424e-01	0.000000e+00	8.702124e-01
20	9.690296e-01	4.000000e-01	1.745533e-01	8.904750e-02	6.269862e-01	1.922476e-01	2.011524e+00	-8.633880e-02	-3.162861e-01	2.729769e-01	-4.324984e-01	0.000000e+00	7.548558e-01
21	9.690475e-01	4.000000e-01	2.101670e-01	1.068127e-01	5.789232e-01	1.250081e-01	1.356893e+00	-1.041859e-01	-3.446581e-01	3.022876e-01	-4.517378e-01	0.000000e+00	6.413678e-01
22	9.717661e-01	4.000000e-01	2.490287e-01	1.261649e-01	5.291889e-01	5.956336e-02	7.217985e-01	-1.236930e-01	-3.725482e-01	3.320189e-01	-4.675121e-01	0.000000e+00	5.298074e-01
23	1.016898e+00	4.000000e-01	2.884251e-01	1.456065e-01	4.808825e-01	1.087420e-04	1.466939e-01	-1.435453e-01	-3.975793e-01	3.610482e-01	-4.790200e-01	0.000000e+00	4.296829e-01
24	8.311733e+00	4.000000e-01	2.905002e-01	1.453309e-01	4.758894e-01	1.081514e-04	1.464124e-01	-1.450870e-01	-3.900417e-01	3.719781e-01	-4.758183e-01	0.000000e+00	4.598333e-01
25	1.178936e+00	4.000000e-01	2.895682e-01	1.452909e-01	4.791195e-01	1.161609e-04	1.464525e-01	-1.442172e-01	-3.969682e-01	3.632967e-01	-4.787689e-01	0.000000e+00	4.321271e-01
26	4.440468e+00	4.000000e-01	2.903955e-01	1.453533e-01	4.762752e-01	1.081813e-04	1.464351e-01	-1.449965e-01	-3.909470e-01	3.708853e-01	-4.762149e-01	0.000000e+00	4.562120e-01
27	1.280051e+00	4.000000e-01	2.896854e-01	1.453180e-01	4.787355e-01	1.161611e-04	1.464796e-01	-1.443326e-01	-3.962175e-01	3.642761e-01	-4.784584e-01	0.000000e+00	4.351299e-01
28	3.580271e+00	4.000000e-01	2.903148e-01	1.453638e-01	4.765717e-01	1.081826e-04	1.464456e-01	-1.449245e-01	-3.916329e-01	3.700520e-01	-4.765132e-01	0.000000e+00	4.534683e-01
29	1.394517e+00	4.000000e-01	2.897775e-01	1.453375e-01	4.784415e-01	1.081860e-04	1.464194e-01	-1.444198e-01	-3.956468e-01	3.650221e-01	-4.782208e-01	0.000000e+00	4.374129e-01
30		4.000000e-01	2.902519e-01	1.453690e-01	4.767998e-01	1.081836e-04	1.464508e-01	-1.448675e-01	-3.921507e-01	3.694180e-01	-4.767371e-01	0.000000e+00	4.513971e-01
