RTO_iter	rho	tr	cost_unmodified	cost	con_unmodified	con	merit	cost_eps	u1_cost_lam	u2_cost_lam	con_eps	u1_con_lam	u2_con_lam
0								0.000000e+00	0.000000e+00	0.000000e+00	0.000000e+00	0.000000e+00	0.000000e+00
1	9.856072e-01	1.000000e-01	-1.220000e+00	-1.220000e+00	2.090000e+00	2.090000e+00	1.968000e+01	2.550000e+00	-4.480000e+00	-1.480000e+00	-1.800000e-01	0.000000e+00	1.620000e+00
2	9.701266e-01	2.000000e-01	-1.010751e+00	1.096205e+00	1.989402e+00	1.804227e+00	1.913848e+01	2.124702e+00	-4.083398e+00	-1.392828e+00	-1.850906e-01	0.000000e+00	1.607223e+00
3	9.390965e-01	4.000000e-01	-6.527861e-01	6.674881e-01	1.787794e+00	1.589375e+00	1.656124e+01	1.394786e+00	-3.292379e+00	-1.226170e+00	-1.981150e-01	0.000000e+00	1.574053e+00
4	9.348963e-01	4.000000e-01	-1.791355e-01	-6.939686e-02	1.382572e+00	1.146566e+00	1.139626e+01	4.126232e-01	-1.719351e+00	-9.231843e-01	-2.343656e-01	4.440892e-14	1.477764e+00
5	9.299071e-01	4.000000e-01	-2.411414e-02	-2.801883e-01	9.773223e-01	7.138129e-01	6.857940e+00	4.845101e-02	-1.410182e-01	-6.025570e-01	-2.623371e-01	1.110223e-14	1.398877e+00
6	3.443769e-01	4.000000e-01	-1.879348e-01	-1.862085e-01	5.724192e-01	2.877080e-01	2.690871e+00	3.076600e-01	1.441708e+00	-2.668540e-01	-2.838797e-01	0.000000e+00	1.334900e+00
7	4.737114e-01	4.000000e-01	-2.254802e-01	-2.411863e-01	6.684292e-01	1.109973e-04	-2.400763e-01	3.955518e-01	4.331923e-02	-1.696415e+00	-4.966814e-01	0.000000e+00	1.829385e-01
8	-3.791709e-01	4.000000e-01	-2.899326e-01	-2.112044e-01	4.609963e-01	1.104135e-04	-2.101002e-01	4.561015e-01	1.634487e+00	-5.648633e-01	-3.882263e-01	0.000000e+00	9.656159e-01
9	4.235662e-01	2.000000e-01	-2.655179e-01	-2.120294e-01	6.117640e-01	1.129042e-04	-2.109004e-01						
10	2.573741e-01	2.000000e-01	-2.627798e-01	2.875092e-02	5.188620e-01	1.073378e-04	2.982430e-02	3.971075e-01	9.097024e-01	-1.252970e+00	-4.795059e-01	0.000000e+00	4.249109e-01
11	-6.825583e-02	2.000000e-01	-3.186683e-01	8.651697e-02	4.315015e-01	1.133133e-04	8.765010e-02	4.982916e-01	1.682353e+00	-6.351505e-01	-4.080055e-01	0.000000e+00	8.778786e-01
12	5.688914e-01	1.000000e-01	-2.687618e-01	3.278257e-02	5.116955e-01	1.131958e-04	3.391453e-02						
13	7.257247e-02	1.000000e-01	-2.923289e-01	1.202197e-01	4.655359e-01	1.224578e-04	1.214442e-01	4.403169e-01	1.314340e+00	-9.723810e-01	-4.555529e-01	0.000000e+00	6.163028e-01
14	2.245727e-01	1.000000e-01	-2.829771e-01	1.170008e-01	4.946304e-01	1.079899e-04	1.180807e-01	4.276906e-01	9.412235e-01	-1.302777e+00	-4.852615e-01	0.000000e+00	3.633779e-01
15	8.770108e-01	1.000000e-01	-2.946230e-01	1.270710e-01	4.630050e-01	1.079922e-04	1.281509e-01	4.437377e-01	1.318037e+00	-9.777763e-01	-4.565521e-01	0.000000e+00	6.095621e-01
16	3.242615e-01	1.000000e-01	-3.497861e-01	1.700079e-01	4.046453e-01	-8.225564e-02	1.700079e-01	5.251607e-01	1.351326e+00	-1.156159e+00	-4.809475e-01	0.000000e+00	4.104100e-01
17	-2.041351e+00	1.000000e-01	-2.888399e-01	1.239699e-01	4.883740e-01	1.082273e-04	1.250522e-01	4.368891e-01	9.399052e-01	-1.325883e+00	-4.872732e-01	0.000000e+00	3.390838e-01
18	-8.314709e-02	5.000000e-02	-2.932286e-01	1.260400e-01	4.648959e-01	1.161845e-04	1.272019e-01						
19	7.929842e-01	2.500000e-02	-2.896801e-01	1.401244e-01	4.764113e-01	1.116265e-04	1.412407e-01						
20	1.171108e-01	2.500000e-02	-2.891700e-01	1.449834e-01	4.820266e-01	1.104585e-04	1.460880e-01	4.350061e-01	1.033206e+00	-1.243313e+00	-4.817330e-01	0.000000e+00	4.022777e-01
21	-1.625411e+00	2.500000e-02	-2.905342e-01	1.445238e-01	4.754283e-01	1.131129e-04	1.456550e-01	4.359111e-01	1.126153e+00	-1.160250e+00	-4.751252e-01	0.000000e+00	4.660922e-01
22	-3.361904e-01	1.250000e-02	-2.887405e-01	1.433605e-01	4.825298e-01	1.131101e-04	1.444916e-01						
23	3.923908e-01	6.250000e-03	-2.895833e-01	1.445760e-01	4.789218e-01	1.162181e-04	1.457382e-01						
24	-8.772509e-02	6.250000e-03	-2.901000e-01	1.450556e-01	4.770979e-01	1.055127e-04	1.461107e-01	4.354290e-01	1.102953e+00	-1.181073e+00	-4.768802e-01	0.000000e+00	4.500678e-01
25	4.741023e-01	3.125000e-03	-2.897031e-01	1.451039e-01	4.787830e-01	1.129223e-04	1.462331e-01						
26	-2.310216e-01	3.125000e-03	-2.899300e-01	1.452453e-01	4.779003e-01	1.125607e-04	1.463709e-01	4.352878e-01	1.091380e+00	-1.191528e+00	-4.777393e-01	0.000000e+00	4.420018e-01
27	5.487286e-01	1.562500e-03	-2.897413e-01	1.452842e-01	4.787390e-01	1.205165e-04	1.464893e-01						
28	-4.562922e-01	1.562500e-03	-2.898597e-01	1.453367e-01	4.782904e-01	1.024469e-04	1.463612e-01	4.352466e-01	1.085597e+00	-1.196781e+00	-4.781656e-01	0.000000e+00	4.379416e-01
29	3.124967e-01	7.812500e-04	-2.897666e-01	1.453593e-01	4.787106e-01	1.090997e-04	1.464503e-01						
30		7.812500e-04	-2.898192e-01	1.453772e-01	4.784939e-01	1.068846e-04	1.464460e-01	4.352201e-01	1.082676e+00	-1.199407e+00	-4.783764e-01	0.000000e+00	4.359191e-01
