RTO_iter	rho	tr	cost_unmodified	cost	con_unmodified	con	merit	cost_eps	u1_cost_lam	u2_cost_lam	con_eps	u1_con_lam	u2_con_lam
0								0.000000e+00	0.000000e+00	0.000000e+00	0.000000e+00	0.000000e+00	0.000000e+00
1	3.326187e-01	1.000000e+00	1.220000e+00	1.220000e+00	-1.100000e-01	-1.100000e-01	1.220000e+00	1.100000e-01	1.000000e-01	1.100000e+00	2.200000e-01	0.000000e+00	2.420000e+00
2	9.870335e-01	1.000000e+00	2.063503e-01	-3.119690e-01	6.168539e-01	-3.539246e-01	-3.119690e-01	-8.995251e-02	-3.920573e-01	2.294372e-01	-4.766967e-01	0.000000e+00	4.517709e-01
3	-2.882666e+00	2.000000e+00	2.957430e-01	1.434858e-01	4.630628e-01	1.120241e-04	1.446061e-01	-1.468800e-01	-3.616304e-01	4.061607e-01	-4.617077e-01	0.000000e+00	5.734784e-01
4	-2.881465e+00	1.000000e+00	2.844870e-01	1.417268e-01	4.934905e-01	1.083498e-04	1.428103e-01						
5	-2.886540e+00	5.000000e-01	2.844874e-01	1.417270e-01	4.934901e-01	1.077017e-04	1.428040e-01						
6	-2.908219e+00	2.500000e-01	2.844858e-01	1.417261e-01	4.934920e-01	1.104361e-04	1.428305e-01						
7	-2.887956e+00	1.250000e-01	2.844787e-01	1.417226e-01	4.935001e-01	1.220349e-04	1.429430e-01						
8	-1.046344e+00	6.250000e-02	2.844853e-01	1.417259e-01	4.934925e-01	1.111993e-04	1.428379e-01						
9	2.646993e-01	3.125000e-02	2.869164e-01	1.425003e-01	4.836496e-01	1.107264e-04	1.436076e-01						
10	-6.111817e-03	3.125000e-02	2.909851e-01	1.450165e-01	4.730003e-01	1.104417e-04	1.461210e-01	-1.454923e-01	-3.811293e-01	3.817401e-01	-4.717395e-01	0.000000e+00	4.954828e-01
11	6.391784e-01	1.562500e-02	2.886162e-01	1.447697e-01	4.816685e-01	1.111855e-04	1.458816e-01						
12	6.869301e-01	1.562500e-02	2.899965e-01	1.451070e-01	4.769240e-01	1.203849e-04	1.463109e-01	-1.447686e-01	-3.913499e-01	3.699212e-01	-4.763903e-01	0.000000e+00	4.546003e-01
13	1.356365e+00	1.562500e-02	2.897547e-01	1.453332e-01	4.785111e-01	1.079142e-04	1.464123e-01	-1.443991e-01	-3.957776e-01	3.648490e-01	-4.782754e-01	0.000000e+00	4.368895e-01
14	2.918197e+00	3.125000e-02	2.902667e-01	1.453681e-01	4.767469e-01	1.079155e-04	1.464472e-01	-1.448809e-01	-3.920320e-01	3.695640e-01	-4.766858e-01	0.000000e+00	4.518718e-01
15	1.448138e+00	6.250000e-02	2.898253e-01	1.453448e-01	4.782771e-01	1.111987e-04	1.464568e-01	-1.444670e-01	-3.953075e-01	3.654549e-01	-4.780790e-01	0.000000e+00	4.387700e-01
16	2.661132e+00	1.250000e-01	2.902141e-01	1.453708e-01	4.769353e-01	1.081868e-04	1.464527e-01	-1.448330e-01	-3.924544e-01	3.690443e-01	-4.768679e-01	0.000000e+00	4.501825e-01
17	1.576772e+00	2.500000e-01	2.898793e-01	1.453533e-01	4.780993e-01	1.081864e-04	1.464352e-01	-1.445182e-01	-3.949495e-01	3.659155e-01	-4.779288e-01	0.000000e+00	4.402019e-01
18	2.337473e+00	5.000000e-01	2.901714e-01	1.453708e-01	4.770820e-01	1.115555e-04	1.464863e-01	-1.447947e-01	-3.927725e-01	3.686477e-01	-4.770045e-01	0.000000e+00	4.489100e-01
19	1.544456e+00	1.000000e+00	2.899145e-01	1.453563e-01	4.779714e-01	1.136940e-04	1.464933e-01	-1.445536e-01	-3.946732e-01	3.662617e-01	-4.778125e-01	0.000000e+00	4.413074e-01
20	2.244143e+00	2.000000e+00	2.901426e-01	1.453722e-01	4.771901e-01	1.077072e-04	1.464493e-01	-1.447670e-01	-3.930187e-01	3.683463e-01	-4.771100e-01	0.000000e+00	4.479254e-01
21	1.675661e+00	4.000000e+00	2.899477e-01	1.453614e-01	4.778663e-01	1.083502e-04	1.464449e-01	-1.445837e-01	-3.944653e-01	3.665309e-01	-4.777248e-01	0.000000e+00	4.421390e-01
22	2.171067e+00	4.000000e+00	2.901182e-01	1.453718e-01	4.772752e-01	1.083476e-04	1.464553e-01	-1.447444e-01	-3.932033e-01	3.681159e-01	-4.771889e-01	0.000000e+00	4.471867e-01
23	1.724092e+00	4.000000e+00	2.899699e-01	1.453636e-01	4.777902e-01	1.083475e-04	1.464470e-01	-1.446048e-01	-3.943057e-01	3.667328e-01	-4.776574e-01	0.000000e+00	4.427773e-01
24	2.100004e+00	4.000000e+00	2.900997e-01	1.453714e-01	4.773400e-01	1.083476e-04	1.464549e-01	-1.447272e-01	-3.933440e-01	3.679406e-01	-4.772490e-01	0.000000e+00	4.466241e-01
25	1.763260e+00	4.000000e+00	2.899867e-01	1.453650e-01	4.777325e-01	1.083475e-04	1.464485e-01	-1.446208e-01	-3.941839e-01	3.668866e-01	-4.776059e-01	0.000000e+00	4.432644e-01
26	2.049246e+00	4.000000e+00	2.900856e-01	1.453709e-01	4.773894e-01	1.083476e-04	1.464544e-01	-1.447140e-01	-3.934510e-01	3.678069e-01	-4.772946e-01	0.000000e+00	4.461958e-01
27	1.794514e+00	4.000000e+00	2.899995e-01	1.453661e-01	4.776886e-01	1.083475e-04	1.464496e-01	-1.446329e-01	-3.940910e-01	3.670037e-01	-4.775666e-01	0.000000e+00	4.436358e-01
28	2.012377e+00	4.000000e+00	2.900748e-01	1.453705e-01	4.774272e-01	1.083476e-04	1.464540e-01	-1.447039e-01	-3.935326e-01	3.677049e-01	-4.773294e-01	0.000000e+00	4.458697e-01
29	1.819198e+00	4.000000e+00	2.900091e-01	1.453668e-01	4.776552e-01	1.083475e-04	1.464503e-01	-1.446420e-01	-3.940202e-01	3.670929e-01	-4.775366e-01	0.000000e+00	4.439191e-01
30		4.000000e+00	2.900665e-01	1.453702e-01	4.774560e-01	1.083476e-04	1.464537e-01	-1.446961e-01	-3.935946e-01	3.676273e-01	-4.773558e-01	0.000000e+00	4.456214e-01
