RTO_iter	rho	tr	cost_unmodified	cost	con_unmodified	con	merit	cost_eps	u1_cost_lam	u2_cost_lam	con_eps	u1_con_lam	u2_con_lam
0								0.000000e+00	0.000000e+00	0.000000e+00	0.000000e+00	0.000000e+00	0.000000e+00
1	1.024736e+00	1.000000e-01	4.500000e+00	4.500000e+00	1.750000e+00	1.750000e+00	2.200000e+01	-2.250000e+00	-1.500000e+00	1.500000e+00	-3.000000e+00	0.000000e+00	2.000000e+00
2	1.054905e+00	2.000000e-01	4.085736e+00	2.047868e+00	1.613579e+00	-1.245000e+00	2.047868e+00	-2.042868e+00	-1.429289e+00	1.429289e+00	-2.858579e+00	0.000000e+00	2.000000e+00
3	1.140714e+00	4.000000e-01	3.317208e+00	1.678604e+00	1.370736e+00	-1.205000e+00	1.678604e+00	-1.658604e+00	-1.287868e+00	1.287868e+00	-2.575736e+00	0.000000e+00	2.000000e+00
4	1.195825e+00	4.000000e-01	2.020151e+00	1.090076e+00	1.005050e+00	-1.005000e+00	1.090076e+00	-1.010076e+00	-1.005025e+00	1.005025e+00	-2.010050e+00	0.000000e+00	2.000000e+00
5	1.321895e+00	4.000000e-01	1.043095e+00	6.015475e-01	7.993651e-01	-6.449999e-01	6.015475e-01	-5.215475e-01	-7.221825e-01	7.221825e-01	-1.444365e+00	0.000000e+00	2.000000e+00
6	1.074907e+00	4.000000e-01	3.860389e-01	2.730194e-01	7.536797e-01	-1.249999e-01	2.730194e-01	-1.930194e-01	-4.393398e-01	4.393398e-01	-8.786795e-01	0.000000e+00	2.000000e+00
7	5.732368e-01	4.000000e-01	2.898647e-01	1.486376e-01	7.912908e-01	1.082279e-04	1.497198e-01	-1.444706e-01	-3.955913e-01	3.652017e-01	-7.911825e-01	0.000000e+00	2.000000e+00
8	5.694894e-01	4.000000e-01	2.902575e-01	1.453539e-01	7.837265e-01	1.081879e-04	1.464358e-01	-1.448863e-01	-3.918091e-01	3.697879e-01	-7.836183e-01	0.000000e+00	2.000000e+00
9	5.683604e-01	4.000000e-01	2.900772e-01	1.453638e-01	7.869825e-01	1.081873e-04	1.464456e-01	-1.447102e-01	-3.934372e-01	3.678103e-01	-7.868744e-01	0.000000e+00	2.000000e+00
10	5.709659e-01	4.000000e-01	2.901528e-01	1.453656e-01	7.855791e-01	1.081875e-04	1.464475e-01	-1.447867e-01	-3.927355e-01	3.686620e-01	-7.854709e-01	0.000000e+00	2.000000e+00
11	5.648727e-01	4.000000e-01	2.901199e-01	1.453659e-01	7.861837e-01	1.081874e-04	1.464478e-01	-1.447538e-01	-3.930377e-01	3.682950e-01	-7.860755e-01	0.000000e+00	2.000000e+00
12	5.787568e-01	4.000000e-01	2.901340e-01	1.453660e-01	7.859232e-01	1.081875e-04	1.464479e-01	-1.447680e-01	-3.929075e-01	3.684531e-01	-7.858150e-01	0.000000e+00	2.000000e+00
13	5.450657e-01	4.000000e-01	2.901279e-01	1.453660e-01	7.860354e-01	1.081874e-04	1.464479e-01	-1.447619e-01	-3.929636e-01	3.683850e-01	-7.859272e-01	0.000000e+00	2.000000e+00
14	6.162928e-01	4.000000e-01	2.901305e-01	1.453660e-01	7.859870e-01	1.081874e-04	1.464479e-01	-1.447645e-01	-3.929394e-01	3.684143e-01	-7.858789e-01	0.000000e+00	2.000000e+00
15	3.972822e-01	4.000000e-01	2.901294e-01	1.453660e-01	7.860079e-01	1.081874e-04	1.464479e-01	-1.447634e-01	-3.929498e-01	3.684017e-01	-7.858997e-01	0.000000e+00	2.000000e+00
16	7.407291e-01	4.000000e-01	2.901299e-01	1.453660e-01	7.859989e-01	1.081874e-04	1.464479e-01	-1.447639e-01	-3.929454e-01	3.684071e-01	-7.858907e-01	0.000000e+00	2.000000e+00
17	1.805251e+00	4.000000e-01	2.901297e-01	1.453660e-01	7.860028e-01	1.081874e-04	1.464479e-01	-1.447637e-01	-3.929473e-01	3.684048e-01	-7.858946e-01	0.000000e+00	2.000000e+00
18	9.055826e-01	4.000000e-01	2.901298e-01	1.453660e-01	7.860011e-01	1.081874e-04	1.464479e-01	-1.447638e-01	-3.929465e-01	3.684058e-01	-7.858929e-01	0.000000e+00	2.000000e+00
19	1.059109e+00	4.000000e-01	2.901297e-01	1.453660e-01	7.860018e-01	1.081874e-04	1.464479e-01	-1.447637e-01	-3.929468e-01	3.684054e-01	-7.858936e-01	0.000000e+00	2.000000e+00
20	9.788910e-01	4.000000e-01	2.901297e-01	1.453660e-01	7.860015e-01	1.081874e-04	1.464479e-01	-1.447637e-01	-3.929467e-01	3.684056e-01	-7.858933e-01	0.000000e+00	2.000000e+00
21	1.009934e+00	4.000000e-01	2.901297e-01	1.453660e-01	7.860016e-01	1.081874e-04	1.464479e-01	-1.447637e-01	-3.929467e-01	3.684055e-01	-7.858935e-01	0.000000e+00	2.000000e+00
22	9.962406e-01	4.000000e-01	2.901297e-01	1.453660e-01	7.860016e-01	1.081874e-04	1.464479e-01	-1.447637e-01	-3.929467e-01	3.684055e-01	-7.858934e-01	0.000000e+00	2.000000e+00
23	1.002890e+00	4.000000e-01	2.901297e-01	1.453660e-01	7.860016e-01	1.081874e-04	1.464479e-01	-1.447637e-01	-3.929467e-01	3.684055e-01	-7.858934e-01	0.000000e+00	2.000000e+00
24	1.003704e+00	4.000000e-01	2.901297e-01	1.453660e-01	7.860016e-01	1.081874e-04	1.464479e-01	-1.447637e-01	-3.929467e-01	3.684055e-01	-7.858934e-01	0.000000e+00	2.000000e+00
25	1.008850e+00	4.000000e-01	2.901297e-01	1.453660e-01	7.860016e-01	1.081874e-04	1.464479e-01	-1.447637e-01	-3.929467e-01	3.684055e-01	-7.858934e-01	0.000000e+00	2.000000e+00
26	1.000000e+00	4.000000e-01	2.901297e-01	1.453660e-01	7.860016e-01	1.081874e-04	1.464479e-01	-1.447637e-01	-3.929467e-01	3.684055e-01	-7.858934e-01	0.000000e+00	2.000000e+00
27	-0.000000e+00	4.000000e-01	2.901297e-01	1.453660e-01	7.860016e-01	1.081874e-04	1.464479e-01	-1.447637e-01	-3.929467e-01	3.684055e-01	-7.858934e-01	0.000000e+00	2.000000e+00
28	1.000000e+00	2.000000e-01	2.901297e-01	1.453660e-01	7.860016e-01	1.081874e-04	1.464479e-01						
29	1.000000e+00	4.000000e-01	2.901297e-01	1.453660e-01	7.860016e-01	1.081899e-04	1.464479e-01	-1.447637e-01	-3.929467e-01	3.684055e-01	-7.858934e-01	0.000000e+00	2.000000e+00
30		4.000000e-01	2.901297e-01	1.453660e-01	7.860016e-01	1.081874e-04	1.464479e-01	-1.447637e-01	-3.929467e-01	3.684055e-01	-7.858934e-01	0.000000e+00	2.000000e+00
