RTO_iter	profit	XFr_A_unmodified	XFr_A	XFr_B_unmodified	XFr_B	XFr_E_unmodified	XFr_E	XFr_P_unmodified	XFr_P	XFr_G_unmodified	XFr_G	Ka1	Ka2	Kb1	Kb2	XFr_A_eps	Fb_XFr_A_lam	Tr_XFr_A_lam	XFr_B_eps	Fb_XFr_B_lam	Tr_XFr_B_lam	XFr_E_eps	Fb_XFr_E_lam	Tr_XFr_E_lam	XFr_P_eps	Fb_XFr_P_lam	Tr_XFr_P_lam	XFr_G_eps	Fb_XFr_G_lam	Tr_XFr_G_lam
0												2.189000e+08	4.310000e+13	8.077600e+03	1.243800e+04	0.000000e+00	0.000000e+00	0.000000e+00	0.000000e+00	0.000000e+00	0.000000e+00	0.000000e+00	0.000000e+00	0.000000e+00	0.000000e+00	0.000000e+00	0.000000e+00	0.000000e+00	0.000000e+00	0.000000e+00
1	-1.792546e+02	1.456398e-01	1.456398e-01	3.793878e-01	3.793878e-01	2.781069e-01	2.781069e-01	1.101474e-01	1.101474e-01	8.671814e-02	8.671814e-02	2.189000e+08	4.310000e+13	8.077600e+03	1.243800e+04	1.449895e-03	9.279710e-03	4.228969e-04	1.189590e-02	1.511610e-02	-7.736797e-05	-2.105380e-02	-1.092478e-02	1.145080e-03	-3.693946e-03	-4.835124e-03	9.188909e-04	-1.994897e-02	-3.060296e-03	-1.323108e-03
2	-1.757951e+02	1.168864e-01	1.229061e-01	3.665554e-01	3.814442e-01	2.934407e-01	2.765505e-01	1.085217e-01	1.090643e-01	1.145958e-01	8.626427e-02	2.189000e+08	4.310000e+13	8.077600e+03	1.243800e+04	5.994484e-03	8.335477e-03	4.439316e-04	1.481507e-02	1.348267e-02	-1.255002e-04	-1.726428e-02	-1.000529e-02	9.945036e-04	9.285622e-04	-4.780618e-03	9.536050e-04	-2.852725e-02	-2.614333e-03	-1.519160e-03
3	-1.851132e+02	1.008787e-01	1.096795e-01	3.626729e-01	3.791827e-01	2.997163e-01	2.842338e-01	1.064211e-01	1.098143e-01	1.303110e-01	9.625044e-02	2.189000e+08	4.310000e+13	8.077600e+03	1.243800e+04	8.834285e-03	6.658226e-03	3.599468e-04	1.653544e-02	1.241405e-02	-2.138429e-04	-1.551831e-02	-9.254652e-03	1.073980e-03	3.541525e-03	-4.324132e-03	9.712306e-04	-3.365636e-02	-2.876483e-03	-1.613863e-03
4	-1.888118e+02	8.913080e-02	9.989340e-02	3.647517e-01	3.828169e-01	3.022268e-01	2.877025e-01	1.047247e-01	1.098263e-01	1.391661e-01	1.012729e-01	2.189000e+08	4.310000e+13	8.077600e+03	1.243800e+04	1.084539e-02	5.509133e-03	2.008269e-04	1.819326e-02	9.489075e-03	-2.077039e-04	-1.473625e-02	-8.034585e-03	1.005212e-03	5.050805e-03	-4.193688e-03	1.113527e-03	-3.757584e-02	-6.756438e-05	-1.448339e-03
5	-1.933135e+02	7.200823e-02	8.509628e-02	3.695798e-01	3.895224e-01	3.045609e-01	2.915096e-01	1.014952e-01	1.096734e-01	1.523558e-01	1.092327e-01	2.189000e+08	4.310000e+13	8.077600e+03	1.243800e+04	1.339760e-02	4.387850e-03	2.790608e-04	1.995256e-02	8.388345e-03	-2.898323e-04	-1.305123e-02	-7.943990e-03	1.043346e-03	7.807448e-03	-4.256209e-03	8.861294e-04	-4.313674e-02	4.441413e-04	-1.316519e-03
6	-1.917619e+02	7.865223e-02	9.116236e-02	3.685131e-01	3.881196e-01	3.035209e-01	2.895361e-01	1.029838e-01	1.097544e-01	1.463300e-01	1.053094e-01	2.189000e+08	4.310000e+13	8.077600e+03	1.243800e+04	1.247504e-02	5.321167e-03	2.994656e-04	1.957532e-02	8.969942e-03	-3.108964e-04	-1.377836e-02	-9.432551e-03	9.239739e-04	6.830632e-03	-5.896325e-03	8.218631e-04	-4.085613e-02	8.111492e-04	-1.426504e-03
7	-1.966261e+02	9.244782e-02	1.027785e-01	3.586133e-01	3.765375e-01	3.033281e-01	2.898488e-01	1.046906e-01	1.111202e-01	1.409202e-01	1.032810e-01	2.189000e+08	4.310000e+13	8.077600e+03	1.243800e+04	9.874602e-03	6.953650e-03	4.575630e-04	1.702236e-02	1.070935e-02	-1.026926e-04	-1.395291e-02	-9.092394e-03	1.030761e-03	5.484018e-03	-4.346624e-03	8.534330e-04	-3.708134e-02	-1.182619e-03	-1.484422e-03
8	-1.899070e+02	9.155638e-02	1.016810e-01	3.618974e-01	3.793658e-01	3.025171e-01	2.881143e-01	1.048733e-01	1.101150e-01	1.391558e-01	1.021382e-01	2.189000e+08	4.310000e+13	8.077600e+03	1.243800e+04	1.031471e-02	5.763929e-03	3.484491e-04	1.738232e-02	1.112778e-02	-3.779860e-06	-1.450452e-02	-8.477202e-03	1.085108e-03	5.213840e-03	-5.166468e-03	9.636161e-04	-3.715005e-02	4.853516e-04	-1.395573e-03
9	-1.899811e+02	8.979226e-02	1.003057e-01	3.593278e-01	3.766867e-01	3.037802e-01	2.899447e-01	1.042853e-01	1.100887e-01	1.428145e-01	1.048238e-01	2.189000e+08	4.310000e+13	8.077600e+03	1.243800e+04	1.045278e-02	5.876730e-03	3.596627e-04	1.742681e-02	1.000072e-02	-2.054829e-04	-1.389967e-02	-8.343970e-03	1.017081e-03	5.603803e-03	-3.609070e-03	1.100435e-03	-3.796321e-02	-6.922456e-04	-1.461684e-03
10	-1.950103e+02	6.868248e-02	8.298307e-02	3.718555e-01	3.923501e-01	3.044745e-01	2.916151e-01	1.008621e-01	1.097277e-01	1.541254e-01	1.096669e-01	2.189000e+08	4.310000e+13	8.077600e+03	1.243800e+04	1.399128e-02	4.294681e-03	1.403123e-04	2.047309e-02	6.561823e-03	-3.324799e-04	-1.260161e-02	-9.334284e-03	1.010934e-03	8.269140e-03	-3.486567e-03	1.053919e-03	-4.397743e-02	1.643773e-03	-1.363132e-03
11	-1.910797e+02	6.350007e-02	7.820590e-02	3.776299e-01	3.986177e-01	3.035543e-01	2.907882e-01	1.000078e-01	1.089292e-01	1.553080e-01	1.101089e-01	2.189000e+08	4.310000e+13	8.077600e+03	1.243800e+04	1.456505e-02	5.512235e-03	2.399160e-04	2.106087e-02	7.043762e-03	-2.632997e-04	-1.254364e-02	-8.371055e-03	1.050531e-03	8.845233e-03	-4.781119e-03	9.062943e-04	-4.542296e-02	2.429773e-03	-1.246136e-03
12	-1.941376e+02	7.524425e-02	8.783608e-02	3.695351e-01	3.895815e-01	3.039275e-01	2.906389e-01	1.022991e-01	1.099088e-01	1.489940e-01	1.062764e-01	2.189000e+08	4.310000e+13	8.077600e+03	1.243800e+04	1.301407e-02	4.830025e-03	2.829671e-04	1.986351e-02	8.276328e-03	-2.407689e-04	-1.357019e-02	-8.734456e-03	1.018277e-03	7.114602e-03	-4.845478e-03	1.022543e-03	-4.184750e-02	7.733265e-04	-1.461487e-03
13	-1.905361e+02	7.664461e-02	8.937283e-02	3.657792e-01	3.851955e-01	3.048065e-01	2.916636e-01	1.022201e-01	1.095448e-01	1.505496e-01	1.087447e-01	2.189000e+08	4.310000e+13	8.077600e+03	1.243800e+04	1.253011e-02	5.368363e-03	3.117947e-04	1.935708e-02	9.005890e-03	-3.575977e-04	-1.311274e-02	-8.971054e-03	1.033685e-03	7.311146e-03	-4.904292e-03	1.002150e-03	-4.189235e-02	1.677942e-04	-1.407422e-03
14	-1.905575e+02	7.884215e-02	9.097828e-02	3.632559e-01	3.822604e-01	3.051199e-01	2.921212e-01	1.024489e-01	1.096694e-01	1.503331e-01	1.089247e-01	2.189000e+08	4.310000e+13	8.077600e+03	1.243800e+04	1.228368e-02	4.514271e-03	3.407626e-04	1.898712e-02	8.662655e-03	-3.194559e-04	-1.301468e-02	-9.056067e-03	1.048637e-03	7.334808e-03	-4.169496e-03	9.961265e-04	-4.137024e-02	1.017387e-03	-1.464874e-03
15	-1.916162e+02	7.607259e-02	8.882103e-02	3.670740e-01	3.865711e-01	3.045239e-01	2.912565e-01	1.022282e-01	1.096480e-01	1.501012e-01	1.082309e-01	2.189000e+08	4.310000e+13	8.077600e+03	1.243800e+04	1.289746e-02	4.328633e-03	1.958928e-04	1.936795e-02	9.449686e-03	-2.820792e-04	-1.311498e-02	-9.839306e-03	9.768441e-04	7.257076e-03	-3.811964e-03	1.040848e-03	-4.192770e-02	5.069335e-04	-1.383782e-03
16	-1.911187e+02	7.003843e-02	8.373952e-02	3.721335e-01	3.924006e-01	3.041402e-01	2.909122e-01	1.012612e-01	1.092727e-01	1.524267e-01	1.088980e-01	2.189000e+08	4.310000e+13	8.077600e+03	1.243800e+04	1.383729e-02	4.972235e-03	1.775526e-04	2.031158e-02	8.833233e-03	-2.669325e-04	-1.314258e-02	-6.810495e-03	1.058970e-03	7.898456e-03	-3.523001e-03	1.049029e-03	-4.351313e-02	1.435511e-03	-1.375982e-03
17	-1.909587e+02	6.429260e-02	7.903097e-02	3.778144e-01	3.990259e-01	3.033696e-01	2.905598e-01	1.002654e-01	1.089392e-01	1.542580e-01	1.092875e-01	2.189000e+08	4.310000e+13	8.077600e+03	1.243800e+04	1.488001e-02	2.280770e-03	8.138184e-05	2.122274e-02	7.005093e-03	-3.292000e-04	-1.283297e-02	-7.776145e-03	1.069764e-03	8.809060e-03	-5.160876e-03	8.048787e-04	-4.502539e-02	1.613160e-03	-1.351441e-03
18	-1.997064e+02	8.081207e-02	9.465197e-02	3.675192e-01	3.876511e-01	3.033515e-01	2.891710e-01	1.033549e-01	1.109250e-01	1.449624e-01	1.043194e-01	2.189000e+08	4.310000e+13	8.077600e+03	1.243800e+04	1.221756e-02	4.699611e-03	2.706240e-04	1.908060e-02	9.911617e-03	-1.778536e-04	-1.406783e-02	-7.866213e-03	1.043694e-03	6.285989e-03	-3.220174e-03	9.906442e-04	-4.005938e-02	-7.829957e-04	-1.438081e-03
19	-1.919267e+02	7.136272e-02	8.506447e-02	3.766950e-01	3.976295e-01	3.024490e-01	2.884484e-01	1.020901e-01	1.093641e-01	1.474032e-01	1.047218e-01	2.189000e+08	4.310000e+13	8.077600e+03	1.243800e+04	1.394514e-02	2.664231e-03	2.013745e-04	2.064732e-02	7.933210e-03	-1.828717e-04	-1.418535e-02	-7.173458e-03	1.172892e-03	7.006615e-03	-3.326752e-03	1.078023e-03	-4.250608e-02	1.796369e-03	-1.392977e-03
20	-1.918632e+02	6.099884e-02	7.601189e-02	3.826103e-01	4.044330e-01	3.023750e-01	2.897079e-01	9.977337e-02	1.088523e-01	1.542425e-01	1.085402e-01	2.189000e+08	4.310000e+13	8.077600e+03	1.243800e+04	1.531044e-02	2.503292e-03	5.633770e-05	2.165236e-02	5.711632e-03	-3.876871e-04	-1.272782e-02	-6.221682e-03	1.102050e-03	8.666994e-03	-3.374003e-03	9.897368e-04	-4.570731e-02	2.448987e-03	-1.315986e-03
