RTO_iter	rho	tr	tr_adjusted	event	cost_unmodified	cost	con_unmodified	con	XFr_A	XFr_B	XFr_E	XFr_P	XFr_G	Ka1	Ka2	Kb1	Kb2	cost_eps	Fa_cost_lam	Fb_cost_lam	Tr_cost_lam	con_eps	Fa_con_lam	Fb_con_lam	Tr_con_lam
0														2.189000e+08	4.310000e+13	8.077600e+03	1.243800e+04	0.000000e+00	0.000000e+00	0.000000e+00	0.000000e+00	0.000000e+00	0.000000e+00	0.000000e+00	0.000000e+00
1	1.000773e+00	1.000000e-03	2.000000e-03		-1.992171e+02	-1.992171e+02	3.669243e+01	3.669243e+01	1.113367e-01	4.560977e-01	2.516545e-01	9.828534e-02	8.262578e-02	2.189000e+08	4.310000e+13	8.077600e+03	1.243800e+04	1.216918e+02	-3.722328e+01	4.812623e+01	-1.797171e+01	-3.672519e+01	-3.975314e-02	-9.831040e-02	-8.517159e-01
2	1.001514e+00	2.000000e-03	4.000000e-03		-1.995363e+02	-7.972670e+01	3.676885e+01	-3.238584e-02	1.112367e-01	4.553381e-01	2.520018e-01	9.828960e-02	8.313382e-02	2.189000e+08	4.310000e+13	8.077600e+03	1.243800e+04	1.198079e+02	-3.749320e+01	4.806518e+01	-1.800187e+01	-3.680127e+01	-3.978477e-02	-9.828244e-02	-8.526129e-01
3	1.002990e+00	4.000000e-03	8.000000e-03		-2.001203e+02	-8.406887e+01	3.692125e+01	-3.159175e-02	1.110389e-01	4.538254e-01	2.526901e-01	9.829479e-02	8.415081e-02	2.189000e+08	4.310000e+13	8.077600e+03	1.243800e+04	1.160449e+02	-3.802481e+01	4.794049e+01	-1.805968e+01	-3.695301e+01	-3.984728e-02	-9.822687e-02	-8.543987e-01
4	1.005712e+00	8.000000e-03	1.600000e-02		-2.010805e+02	-9.256462e+01	3.722632e+01	-2.975077e-02	1.106497e-01	4.508052e-01	2.540516e-01	9.829198e-02	8.620148e-02	2.189000e+08	4.310000e+13	8.077600e+03	1.243800e+04	1.084905e+02	-3.906617e+01	4.767494e+01	-1.817036e+01	-3.725671e+01	-3.997037e-02	-9.811668e-02	-8.579614e-01
5	1.010123e+00	1.600000e-02	3.200000e-02		-2.021804e+02	-1.088318e+02	3.783846e+01	-2.506319e-02	1.098946e-01	4.447780e-01	2.567183e-01	9.823419e-02	9.037487e-02	2.189000e+08	4.310000e+13	8.077600e+03	1.243800e+04	9.325579e+01	-4.105984e+01	4.708045e+01	-1.836959e+01	-3.786604e+01	-4.020863e-02	-9.789950e-02	-8.650632e-01
6	1.005242e+00	3.200000e-02	6.400000e-02		-2.011525e+02	-1.384913e+02	3.907108e+01	-1.174058e-02	1.084709e-01	4.327832e-01	2.618297e-01	9.791421e-02	9.900198e-02	2.189000e+08	4.310000e+13	8.077600e+03	1.243800e+04	6.236190e+01	-4.467378e+01	4.563512e+01	-1.867828e+01	-3.909279e+01	-4.065016e-02	-9.747708e-02	-8.791791e-01
7	9.415352e-01	6.400000e-02	1.280000e-01		-1.954811e+02	-1.792919e+02	4.040565e+01	3.908359e-07	1.149118e-01	4.066258e-01	2.689153e-01	9.691294e-02	1.126342e-01	2.189000e+08	4.310000e+13	8.077600e+03	1.243800e+04	1.597690e+01	-4.621651e+01	4.296796e+01	-1.898691e+01	-4.041725e+01	-4.134264e-02	-9.598062e-02	-8.942726e-01
8	8.547345e-01	1.280000e-01	1.280000e-01		-1.841775e+02	-2.064827e+02	4.057421e+01	4.040745e-07	1.328369e-01	3.742944e-01	2.736051e-01	9.557201e-02	1.236916e-01	2.189000e+08	4.310000e+13	8.077600e+03	1.243800e+04	-2.072786e+01	-4.091356e+01	3.898239e+01	-1.851270e+01	-4.057564e+01	-4.117543e-02	-9.166521e-02	-8.964994e-01
9	9.445149e-01	1.280000e-01	2.560000e-01		-1.847707e+02	-2.083989e+02	4.074269e+01	4.056507e-07	1.236255e-01	3.797331e-01	2.756838e-01	9.628407e-02	1.246735e-01	2.189000e+08	4.310000e+13	8.077600e+03	1.243800e+04	-2.312068e+01	-4.407208e+01	3.874732e+01	-1.770621e+01	-4.074346e+01	-3.936662e-02	-8.905506e-02	-8.986985e-01
10	9.247899e-01	2.560000e-01	5.120000e-01		-1.840712e+02	-2.094280e+02	4.083782e+01	4.073127e-07	1.204520e-01	3.809911e-01	2.766168e-01	9.649259e-02	1.254475e-01	2.189000e+08	4.310000e+13	8.077600e+03	1.243800e+04	-2.527156e+01	-4.519788e+01	3.847276e+01	-1.737088e+01	-4.083799e+01	-3.870227e-02	-8.791135e-02	-8.998837e-01
11	9.421308e-01	5.120000e-01	1.000000e+00	trust region too large	-1.838254e+02	-2.097032e+02	4.090204e+01	4.082497e-07	1.183152e-01	3.823889e-01	2.770159e-01	9.662191e-02	1.256581e-01	2.189000e+08	4.310000e+13	8.077600e+03	1.243800e+04	-2.585075e+01	-4.597728e+01	3.841352e+01	-1.721297e+01	-4.090209e+01	-3.839509e-02	-8.742598e-02	-9.006522e-01
12	9.710748e-01	1.000000e+00	1.000000e+00	trust region too large	-1.836289e+02	-2.097901e+02	4.094910e+01	4.088860e-07	1.171815e-01	3.831980e-01	2.771864e-01	9.667274e-02	1.257614e-01	2.189000e+08	4.310000e+13	8.077600e+03	1.243800e+04	-2.615461e+01	-4.640426e+01	3.839493e+01	-1.715274e+01	-4.094912e+01	-3.828312e-02	-8.726989e-02	-9.011924e-01
13	1.000362e+00	1.000000e+00	1.000000e+00	trust region too large	-1.834559e+02	-2.098306e+02	4.098746e+01	4.093539e-07	1.165629e-01	3.836654e-01	2.772559e-01	9.668404e-02	1.258318e-01	2.189000e+08	4.310000e+13	8.077600e+03	1.243800e+04	-2.637336e+01	-4.664819e+01	3.839055e+01	-1.713950e+01	-4.098747e+01	-3.826158e-02	-8.726896e-02	-9.016181e-01
14	1.015642e+00	1.000000e+00	1.000000e+00	trust region too large	-1.832940e+02	-2.098590e+02	4.102116e+01	4.097360e-07	1.162079e-01	3.839453e-01	2.772793e-01	9.667568e-02	1.258919e-01	2.189000e+08	4.310000e+13	8.077600e+03	1.243800e+04	-2.656502e+01	-4.679729e+01	3.839167e+01	-1.714846e+01	-4.102116e+01	-3.828264e-02	-8.734133e-02	-9.019836e-01
15	1.021468e+00	1.000000e+00	1.000000e+00	trust region too large	-1.831390e+02	-2.098835e+02	4.105216e+01	4.100722e-07	1.159851e-01	3.841281e-01	2.772811e-01	9.665797e-02	1.259477e-01	2.189000e+08	4.310000e+13	8.077600e+03	1.243800e+04	-2.674484e+01	-4.689866e+01	3.839473e+01	-1.716815e+01	-4.105216e+01	-3.832346e-02	-8.744743e-02	-9.023153e-01
16	1.023610e+00	1.000000e+00	1.000000e+00	trust region too large	-1.829890e+02	-2.099061e+02	4.108144e+01	4.103817e-07	1.158295e-01	3.842609e-01	2.772727e-01	9.663600e-02	1.260010e-01	2.189000e+08	4.310000e+13	8.077600e+03	1.243800e+04	-2.691754e+01	-4.697548e+01	3.839863e+01	-1.719271e+01	-4.108144e+01	-3.837317e-02	-8.756835e-02	-9.026261e-01
17	1.024444e+00	1.000000e+00	1.000000e+00	trust region too large	-1.828429e+02	-2.099273e+02	4.110949e+01	4.106741e-07	1.157084e-01	3.843675e-01	2.772595e-01	9.661226e-02	1.260524e-01	2.189000e+08	4.310000e+13	8.077600e+03	1.243800e+04	-2.708484e+01	-4.703935e+01	3.840287e+01	-1.721929e+01	-4.110949e+01	-3.842648e-02	-8.769485e-02	-9.029226e-01
18	1.024787e+00	1.000000e+00	1.000000e+00	trust region too large	-1.827004e+02	-2.099474e+02	4.113656e+01	4.109543e-07	1.156057e-01	3.844599e-01	2.772442e-01	9.658801e-02	1.261022e-01	2.189000e+08	4.310000e+13	8.077600e+03	1.243800e+04	-2.724751e+01	-4.709607e+01	3.840719e+01	-1.724650e+01	-4.113657e+01	-3.848081e-02	-8.782240e-02	-9.032080e-01
19	1.024928e+00	1.000000e+00	1.000000e+00	trust region too large	-1.825610e+02	-2.099665e+02	4.116280e+01	4.112248e-07	1.155135e-01	3.845441e-01	2.772280e-01	9.656382e-02	1.261506e-01	2.189000e+08	4.310000e+13	8.077600e+03	1.243800e+04	-2.740590e+01	-4.714853e+01	3.841149e+01	-1.727365e+01	-4.116281e+01	-3.853490e-02	-8.794883e-02	-9.034841e-01
20	1.024980e+00	1.000000e+00	1.000000e+00	trust region too large	-1.824247e+02	-2.099846e+02	4.118828e+01	4.114870e-07	1.154275e-01	3.846232e-01	2.772117e-01	9.654000e-02	1.261975e-01	2.189000e+08	4.310000e+13	8.077600e+03	1.243800e+04	-2.756027e+01	-4.719821e+01	3.841571e+01	-1.730041e+01	-4.118829e+01	-3.858815e-02	-8.807308e-02	-9.037520e-01
21	1.024989e+00	1.000000e+00	1.000000e+00	trust region too large	-1.822914e+02	-2.100017e+02	4.121305e+01	4.117416e-07	1.153459e-01	3.846988e-01	2.771955e-01	9.651667e-02	1.262432e-01	2.189000e+08	4.310000e+13	8.077600e+03	1.243800e+04	-2.771076e+01	-4.724586e+01	3.841981e+01	-1.732664e+01	-4.121305e+01	-3.864028e-02	-8.819468e-02	-9.040123e-01
22	1.024979e+00	1.000000e+00	1.000000e+00	trust region too large	-1.821609e+02	-2.100180e+02	4.123715e+01	4.119891e-07	1.152674e-01	3.847716e-01	2.771795e-01	9.649390e-02	1.262876e-01	2.189000e+08	4.310000e+13	8.077600e+03	1.243800e+04	-2.785751e+01	-4.729189e+01	3.842380e+01	-1.735227e+01	-4.123715e+01	-3.869117e-02	-8.831343e-02	-9.042653e-01
23	1.024959e+00	1.000000e+00	1.000000e+00	trust region too large	-1.820333e+02	-2.100335e+02	4.126059e+01	4.122298e-07	1.151915e-01	3.848421e-01	2.771639e-01	9.647171e-02	1.263307e-01	2.189000e+08	4.310000e+13	8.077600e+03	1.243800e+04	-2.800064e+01	-4.733650e+01	3.842767e+01	-1.737727e+01	-4.126060e+01	-3.874077e-02	-8.842927e-02	-9.045114e-01
24	1.024935e+00	1.000000e+00	1.000000e+00	trust region too large	-1.819083e+02	-2.100482e+02	4.128342e+01	4.124641e-07	1.151180e-01	3.849106e-01	2.771486e-01	9.645008e-02	1.263727e-01	2.189000e+08	4.310000e+13	8.077600e+03	1.243800e+04	-2.814023e+01	-4.737984e+01	3.843142e+01	-1.740164e+01	-4.128342e+01	-3.878910e-02	-8.854222e-02	-9.047509e-01
25	1.024910e+00	1.000000e+00	1.000000e+00	trust region too large	-1.817861e+02	-2.100622e+02	4.130563e+01	4.126922e-07	1.150465e-01	3.849772e-01	2.771337e-01	9.642903e-02	1.264135e-01	2.189000e+08	4.310000e+13	8.077600e+03	1.243800e+04	-2.827640e+01	-4.742198e+01	3.843505e+01	-1.742539e+01	-4.130564e+01	-3.883616e-02	-8.865232e-02	-9.049839e-01
26	1.024884e+00	1.000000e+00	1.000000e+00	trust region too large	-1.816665e+02	-2.100754e+02	4.132727e+01	4.129142e-07	1.149771e-01	3.850420e-01	2.771192e-01	9.640853e-02	1.264532e-01	2.189000e+08	4.310000e+13	8.077600e+03	1.243800e+04	-2.840922e+01	-4.746298e+01	3.843856e+01	-1.744852e+01	-4.132727e+01	-3.888198e-02	-8.875963e-02	-9.052106e-01
27	1.024860e+00	1.000000e+00	1.000000e+00	trust region too large	-1.815495e+02	-2.100880e+02	4.134833e+01	4.131303e-07	1.149095e-01	3.851050e-01	2.771050e-01	9.638856e-02	1.264919e-01	2.189000e+08	4.310000e+13	8.077600e+03	1.243800e+04	-2.853880e+01	-4.750288e+01	3.844197e+01	-1.747106e+01	-4.134833e+01	-3.892660e-02	-8.886422e-02	-9.054314e-01
28	1.024836e+00	1.000000e+00	1.000000e+00	trust region too large	-1.814351e+02	-2.101000e+02	4.136885e+01	4.133408e-07	1.148437e-01	3.851664e-01	2.770912e-01	9.636913e-02	1.265295e-01	2.189000e+08	4.310000e+13	8.077600e+03	1.243800e+04	-2.866520e+01	-4.754173e+01	3.844527e+01	-1.749302e+01	-4.136885e+01	-3.897005e-02	-8.896617e-02	-9.056463e-01
29	1.024814e+00	1.000000e+00	1.000000e+00	trust region too large	-1.813231e+02	-2.101114e+02	4.138882e+01	4.135457e-07	1.147797e-01	3.852262e-01	2.770778e-01	9.635021e-02	1.265661e-01	2.189000e+08	4.310000e+13	8.077600e+03	1.243800e+04	-2.878852e+01	-4.757956e+01	3.844846e+01	-1.751441e+01	-4.138883e+01	-3.901236e-02	-8.906554e-02	-9.058555e-01
30	1.024793e+00	1.000000e+00	1.000000e+00	trust region too large	-1.812136e+02	-2.101222e+02	4.140828e+01	4.137454e-07	1.147174e-01	3.852845e-01	2.770647e-01	9.633178e-02	1.266017e-01	2.189000e+08	4.310000e+13	8.077600e+03	1.243800e+04	-2.890882e+01	-4.761640e+01	3.845156e+01	-1.753525e+01	-4.140829e+01	-3.905357e-02	-8.916240e-02	-9.060592e-01
31	1.024773e+00	1.000000e+00	1.000000e+00	trust region too large	-1.811065e+02	-2.101324e+02	4.142724e+01	4.139398e-07	1.146568e-01	3.853412e-01	2.770519e-01	9.631383e-02	1.266363e-01	2.189000e+08	4.310000e+13	8.077600e+03	1.243800e+04	-2.902620e+01	-4.765228e+01	3.845456e+01	-1.755556e+01	-4.142724e+01	-3.909370e-02	-8.925681e-02	-9.062576e-01
32	1.024755e+00	1.000000e+00	1.000000e+00	trust region too large	-1.810017e+02	-2.101422e+02	4.144570e+01	4.141292e-07	1.145977e-01	3.853965e-01	2.770394e-01	9.629635e-02	1.266701e-01	2.189000e+08	4.310000e+13	8.077600e+03	1.243800e+04	-2.914073e+01	-4.768722e+01	3.845748e+01	-1.757535e+01	-4.144571e+01	-3.913278e-02	-8.934886e-02	-9.064508e-01
33	1.024737e+00	1.000000e+00	1.000000e+00	trust region too large	-1.808992e+02	-2.101515e+02	4.146369e+01	4.143137e-07	1.145402e-01	3.854503e-01	2.770273e-01	9.627933e-02	1.267029e-01	2.189000e+08	4.310000e+13	8.077600e+03	1.243800e+04	-2.925247e+01	-4.772126e+01	3.846030e+01	-1.759463e+01	-4.146369e+01	-3.917086e-02	-8.943859e-02	-9.066389e-01
34	1.024722e+00	1.000000e+00	1.000000e+00	trust region too large	-1.807990e+02	-2.101603e+02	4.148122e+01	4.144934e-07	1.144842e-01	3.855028e-01	2.770154e-01	9.626275e-02	1.267349e-01	2.189000e+08	4.310000e+13	8.077600e+03	1.243800e+04	-2.936150e+01	-4.775442e+01	3.846304e+01	-1.761343e+01	-4.148122e+01	-3.920795e-02	-8.952608e-02	-9.068222e-01
35	1.024707e+00	1.000000e+00	1.000000e+00	trust region too large	-1.807010e+02	-2.101687e+02	4.149830e+01	4.146685e-07	1.144296e-01	3.855539e-01	2.770039e-01	9.624660e-02	1.267660e-01	2.189000e+08	4.310000e+13	8.077600e+03	1.243800e+04	-2.946788e+01	-4.778672e+01	3.846569e+01	-1.763174e+01	-4.149830e+01	-3.924408e-02	-8.961138e-02	-9.070007e-01
36	1.024694e+00	1.000000e+00	1.000000e+00	trust region too large	-1.806051e+02	-2.101766e+02	4.151494e+01	4.148391e-07	1.143765e-01	3.856037e-01	2.769926e-01	9.623086e-02	1.267963e-01	2.189000e+08	4.310000e+13	8.077600e+03	1.243800e+04	-2.957169e+01	-4.781819e+01	3.846827e+01	-1.764960e+01	-4.151494e+01	-3.927928e-02	-8.969455e-02	-9.071746e-01
37	1.024682e+00	1.000000e+00	1.000000e+00	trust region too large	-1.805114e+02	-2.101842e+02	4.153115e+01	4.150054e-07	1.143247e-01	3.856523e-01	2.769816e-01	9.621553e-02	1.268259e-01	2.189000e+08	4.310000e+13	8.077600e+03	1.243800e+04	-2.967299e+01	-4.784886e+01	3.847076e+01	-1.766700e+01	-4.153115e+01	-3.931358e-02	-8.977565e-02	-9.073440e-01
38	1.024671e+00	1.000000e+00	1.000000e+00	trust region too large	-1.804198e+02	-2.101914e+02	4.154695e+01	4.151674e-07	1.142743e-01	3.856996e-01	2.769709e-01	9.620059e-02	1.268546e-01	2.189000e+08	4.310000e+13	8.077600e+03	1.243800e+04	-2.977184e+01	-4.787874e+01	3.847319e+01	-1.768396e+01	-4.154696e+01	-3.934701e-02	-8.985473e-02	-9.075091e-01
39	1.024661e+00	1.000000e+00	1.000000e+00	trust region too large	-1.803301e+02	-2.101983e+02	4.156235e+01	4.153253e-07	1.142251e-01	3.857457e-01	2.769605e-01	9.618604e-02	1.268826e-01	2.189000e+08	4.310000e+13	8.077600e+03	1.243800e+04	-2.986831e+01	-4.790786e+01	3.847554e+01	-1.770050e+01	-4.156236e+01	-3.937957e-02	-8.993184e-02	-9.076699e-01
40	1.024653e+00	1.000000e+00	1.000000e+00	trust region too large	-1.802425e+02	-2.102048e+02	4.157737e+01	4.154792e-07	1.141773e-01	3.857906e-01	2.769503e-01	9.617185e-02	1.269099e-01	2.189000e+08	4.310000e+13	8.077600e+03	1.243800e+04	-2.996245e+01	-4.793624e+01	3.847783e+01	-1.771661e+01	-4.157737e+01	-3.941131e-02	-9.000705e-02	-9.078266e-01
41	1.024645e+00	1.000000e+00	1.000000e+00	trust region too large	-1.801568e+02	-2.102110e+02	4.159200e+01	4.156291e-07	1.141306e-01	3.858344e-01	2.769404e-01	9.615803e-02	1.269365e-01	2.189000e+08	4.310000e+13	8.077600e+03	1.243800e+04	-3.005432e+01	-4.796389e+01	3.848004e+01	-1.773233e+01	-4.159200e+01	-3.944225e-02	-9.008039e-02	-9.079793e-01
42	1.024639e+00	1.000000e+00	1.000000e+00	trust region too large	-1.800731e+02	-2.102169e+02	4.160626e+01	4.157753e-07	1.140852e-01	3.858771e-01	2.769307e-01	9.614456e-02	1.269624e-01	2.189000e+08	4.310000e+13	8.077600e+03	1.243800e+04	-3.014397e+01	-4.799085e+01	3.848220e+01	-1.774765e+01	-4.160626e+01	-3.947240e-02	-9.015193e-02	-9.081281e-01
43	1.024634e+00	1.000000e+00	1.000000e+00	trust region too large	-1.799912e+02	-2.102225e+02	4.162016e+01	4.159178e-07	1.140409e-01	3.859188e-01	2.769213e-01	9.613143e-02	1.269876e-01	2.189000e+08	4.310000e+13	8.077600e+03	1.243800e+04	-3.023148e+01	-4.801712e+01	3.848429e+01	-1.776259e+01	-4.162016e+01	-3.950178e-02	-9.022170e-02	-9.082731e-01
44	1.024631e+00	1.000000e+00	1.000000e+00	trust region too large	-1.799111e+02	-2.102279e+02	4.163371e+01	4.160567e-07	1.139978e-01	3.859593e-01	2.769121e-01	9.611863e-02	1.270122e-01	2.189000e+08	4.310000e+13	8.077600e+03	1.243800e+04	-3.031688e+01	-4.804273e+01	3.848632e+01	-1.777716e+01	-4.163371e+01	-3.953042e-02	-9.028975e-02	-9.084144e-01
45	1.024628e+00	1.000000e+00	1.000000e+00	trust region too large	-1.798328e+02	-2.102330e+02	4.164693e+01	4.161921e-07	1.139557e-01	3.859989e-01	2.769031e-01	9.610616e-02	1.270361e-01	2.189000e+08	4.310000e+13	8.077600e+03	1.243800e+04	-3.040023e+01	-4.806769e+01	3.848829e+01	-1.779136e+01	-4.164693e+01	-3.955835e-02	-9.035612e-02	-9.085522e-01
46	1.024627e+00	1.000000e+00	1.000000e+00	trust region too large	-1.797563e+02	-2.102378e+02	4.165981e+01	4.163241e-07	1.139147e-01	3.860375e-01	2.768943e-01	9.609400e-02	1.270595e-01	2.189000e+08	4.310000e+13	8.077600e+03	1.243800e+04	-3.048158e+01	-4.809203e+01	3.849021e+01	-1.780521e+01	-4.165981e+01	-3.958557e-02	-9.042087e-02	-9.086865e-01
47	1.024626e+00	1.000000e+00	1.000000e+00	trust region too large	-1.796815e+02	-2.102424e+02	4.167237e+01	4.164528e-07	1.138748e-01	3.860751e-01	2.768858e-01	9.608215e-02	1.270822e-01	2.189000e+08	4.310000e+13	8.077600e+03	1.243800e+04	-3.056098e+01	-4.811576e+01	3.849207e+01	-1.781872e+01	-4.167237e+01	-3.961210e-02	-9.048403e-02	-9.088174e-01
48	1.024627e+00	1.000000e+00	1.000000e+00	trust region too large	-1.796084e+02	-2.102468e+02	4.168462e+01	4.165783e-07	1.138358e-01	3.861118e-01	2.768774e-01	9.607059e-02	1.271044e-01	2.189000e+08	4.310000e+13	8.077600e+03	1.243800e+04	-3.063848e+01	-4.813889e+01	3.849388e+01	-1.783189e+01	-4.168462e+01	-3.963797e-02	-9.054564e-02	-9.089450e-01
49	1.024628e+00	1.000000e+00	1.000000e+00	trust region too large	-1.795369e+02	-2.102509e+02	4.169656e+01	4.167007e-07	1.137979e-01	3.861475e-01	2.768693e-01	9.605932e-02	1.271260e-01	2.189000e+08	4.310000e+13	8.077600e+03	1.243800e+04	-3.071412e+01	-4.816144e+01	3.849564e+01	-1.784474e+01	-4.169656e+01	-3.966320e-02	-9.060574e-02	-9.090694e-01
50	1.024631e+00	1.000000e+00	1.000000e+00	trust region too large	-1.794670e+02	-2.102549e+02	4.170820e+01	4.168200e-07	1.137608e-01	3.861824e-01	2.768614e-01	9.604834e-02	1.271470e-01	2.189000e+08	4.310000e+13	8.077600e+03	1.243800e+04	-3.078796e+01	-4.818343e+01	3.849735e+01	-1.785727e+01	-4.170820e+01	-3.968780e-02	-9.066438e-02	-9.091907e-01
51	1.024635e+00	1.000000e+00	1.000000e+00	trust region too large	-1.793987e+02	-2.102587e+02	4.171956e+01	4.169363e-07	1.137248e-01	3.862164e-01	2.768536e-01	9.603763e-02	1.271676e-01	2.189000e+08	4.310000e+13	8.077600e+03	1.243800e+04	-3.086003e+01	-4.820487e+01	3.849901e+01	-1.786949e+01	-4.171956e+01	-3.971178e-02	-9.072158e-02	-9.093090e-01
52	1.024640e+00	1.000000e+00	1.000000e+00	trust region too large	-1.793320e+02	-2.102623e+02	4.173063e+01	4.170498e-07	1.136896e-01	3.862496e-01	2.768461e-01	9.602718e-02	1.271876e-01	2.189000e+08	4.310000e+13	8.077600e+03	1.243800e+04	-3.093038e+01	-4.822578e+01	3.850062e+01	-1.788141e+01	-4.173063e+01	-3.973516e-02	-9.077739e-02	-9.094243e-01
53	1.024647e+00	1.000000e+00	1.000000e+00	trust region too large	-1.792667e+02	-2.102657e+02	4.174143e+01	4.171604e-07	1.136553e-01	3.862819e-01	2.768387e-01	9.601700e-02	1.272071e-01	2.189000e+08	4.310000e+13	8.077600e+03	1.243800e+04	-3.099905e+01	-4.824617e+01	3.850219e+01	-1.789304e+01	-4.174143e+01	-3.975797e-02	-9.083184e-02	-9.095367e-01
54	1.024654e+00	1.000000e+00	1.000000e+00	trust region too large	-1.792029e+02	-2.102690e+02	4.175197e+01	4.172683e-07	1.136219e-01	3.863135e-01	2.768315e-01	9.600707e-02	1.272261e-01	2.189000e+08	4.310000e+13	8.077600e+03	1.243800e+04	-3.106608e+01	-4.826605e+01	3.850372e+01	-1.790438e+01	-4.175197e+01	-3.978021e-02	-9.088497e-02	-9.096464e-01
55	1.024662e+00	1.000000e+00	1.000000e+00	trust region too large	-1.791406e+02	-2.102721e+02	4.176224e+01	4.173736e-07	1.135892e-01	3.863443e-01	2.768245e-01	9.599738e-02	1.272446e-01	2.189000e+08	4.310000e+13	8.077600e+03	1.243800e+04	-3.113152e+01	-4.828545e+01	3.850520e+01	-1.791544e+01	-4.176224e+01	-3.980190e-02	-9.093681e-02	-9.097533e-01
56	1.024672e+00	1.000000e+00	1.000000e+00	trust region too large	-1.790797e+02	-2.102750e+02	4.177226e+01	4.174762e-07	1.135575e-01	3.863743e-01	2.768177e-01	9.598794e-02	1.272627e-01	2.189000e+08	4.310000e+13	8.077600e+03	1.243800e+04	-3.119540e+01	-4.830436e+01	3.850665e+01	-1.792623e+01	-4.177226e+01	-3.982305e-02	-9.098739e-02	-9.098576e-01
57	1.024682e+00	1.000000e+00	1.000000e+00	trust region too large	-1.790201e+02	-2.102778e+02	4.178204e+01	4.175763e-07	1.135264e-01	3.864035e-01	2.768110e-01	9.597873e-02	1.272803e-01	2.189000e+08	4.310000e+13	8.077600e+03	1.243800e+04	-3.125776e+01	-4.832280e+01	3.850805e+01	-1.793676e+01	-4.178204e+01	-3.984369e-02	-9.103674e-02	-9.099592e-01
58	1.024694e+00	1.000000e+00	1.000000e+00	trust region too large	-1.789619e+02	-2.102805e+02	4.179157e+01	4.176740e-07	1.134962e-01	3.864321e-01	2.768045e-01	9.596974e-02	1.272975e-01	2.189000e+08	4.310000e+13	8.077600e+03	1.243800e+04	-3.131863e+01	-4.834079e+01	3.850942e+01	-1.794703e+01	-4.179157e+01	-3.986381e-02	-9.108490e-02	-9.100584e-01
59	1.024707e+00	1.000000e+00	1.000000e+00	trust region too large	-1.789050e+02	-2.102830e+02	4.180087e+01	4.177693e-07	1.134667e-01	3.864599e-01	2.767981e-01	9.596098e-02	1.273142e-01	2.189000e+08	4.310000e+13	8.077600e+03	1.243800e+04	-3.137806e+01	-4.835834e+01	3.851075e+01	-1.795706e+01	-4.180087e+01	-3.988344e-02	-9.113190e-02	-9.101551e-01
60	1.024721e+00	1.000000e+00	1.000000e+00	trust region too large	-1.788495e+02	-2.102855e+02	4.180994e+01	4.178622e-07	1.134380e-01	3.864871e-01	2.767919e-01	9.595243e-02	1.273306e-01	2.189000e+08	4.310000e+13	8.077600e+03	1.243800e+04	-3.143608e+01	-4.837546e+01	3.851204e+01	-1.796683e+01	-4.180994e+01	-3.990258e-02	-9.117776e-02	-9.102495e-01
61	1.024736e+00	1.000000e+00	1.000000e+00	trust region too large	-1.787951e+02	-2.102878e+02	4.181879e+01	4.179528e-07	1.134099e-01	3.865136e-01	2.767859e-01	9.594410e-02	1.273465e-01	2.189000e+08	4.310000e+13	8.077600e+03	1.243800e+04	-3.149271e+01	-4.839216e+01	3.851330e+01	-1.797637e+01	-4.181879e+01	-3.992126e-02	-9.122251e-02	-9.103415e-01
62	1.024752e+00	1.000000e+00	1.000000e+00	trust region too large	-1.787420e+02	-2.102900e+02	4.182743e+01	4.180412e-07	1.133826e-01	3.865395e-01	2.767800e-01	9.593596e-02	1.273620e-01	2.189000e+08	4.310000e+13	8.077600e+03	1.243800e+04	-3.154801e+01	-4.840845e+01	3.851452e+01	-1.798568e+01	-4.182743e+01	-3.993948e-02	-9.126619e-02	-9.104313e-01
63	1.024769e+00	1.000000e+00	1.000000e+00	trust region too large	-1.786901e+02	-2.102921e+02	4.183585e+01	4.181275e-07	1.133559e-01	3.865647e-01	2.767742e-01	9.592803e-02	1.273772e-01	2.189000e+08	4.310000e+13	8.077600e+03	1.243800e+04	-3.160199e+01	-4.842433e+01	3.851571e+01	-1.799476e+01	-4.183585e+01	-3.995725e-02	-9.130881e-02	-9.105188e-01
64	1.024787e+00	1.000000e+00	1.000000e+00	trust region too large	-1.786394e+02	-2.102941e+02	4.184407e+01	4.182117e-07	1.133298e-01	3.865893e-01	2.767686e-01	9.592029e-02	1.273920e-01	2.189000e+08	4.310000e+13	8.077600e+03	1.243800e+04	-3.165469e+01	-4.843984e+01	3.851687e+01	-1.800362e+01	-4.184407e+01	-3.997459e-02	-9.135040e-02	-9.106042e-01
65	1.024807e+00	1.000000e+00	1.000000e+00	trust region too large	-1.785899e+02	-2.102960e+02	4.185209e+01	4.182938e-07	1.133044e-01	3.866134e-01	2.767631e-01	9.591274e-02	1.274064e-01	2.189000e+08	4.310000e+13	8.077600e+03	1.243800e+04	-3.170615e+01	-4.845496e+01	3.851800e+01	-1.801226e+01	-4.185209e+01	-3.999151e-02	-9.139100e-02	-9.106875e-01
66	-1.000000e+00	1.000000e+00	5.000000e-01		-1.785414e+02	-2.102978e+02	4.185991e+01	4.183739e-07	1.132797e-01	3.866368e-01	2.767577e-01	9.590538e-02	1.274204e-01	2.189000e+08	4.310000e+13	8.077600e+03	1.243800e+04	-3.175638e+01	-4.846971e+01	3.851910e+01	-1.802070e+01	-4.185991e+01	-4.000801e-02	-9.143062e-02	-9.107688e-01
67	-1.000000e+00	5.000000e-01	2.500000e-01		-1.784941e+02	-2.102995e+02	4.186754e+01	4.184520e-07	1.132555e-01	3.866596e-01	2.767525e-01	9.589819e-02	1.274342e-01												
68	-1.000000e+00	2.500000e-01	1.250000e-01		-1.784941e+02	-2.102995e+02	4.186754e+01	4.184520e-07	1.132555e-01	3.866596e-01	2.767525e-01	9.589819e-02	1.274342e-01												
69	-1.000000e+00	1.250000e-01	6.250000e-02		-1.784941e+02	-2.102995e+02	4.186754e+01	4.184520e-07	1.132555e-01	3.866596e-01	2.767525e-01	9.589819e-02	1.274342e-01												
70	-1.000000e+00	6.250000e-02	3.125000e-02		-1.784941e+02	-2.102995e+02	4.186754e+01	4.184520e-07	1.132555e-01	3.866596e-01	2.767525e-01	9.589819e-02	1.274342e-01												
71	-1.000000e+00	3.125000e-02	1.562500e-02		-1.784941e+02	-2.102995e+02	4.186754e+01	4.184520e-07	1.132555e-01	3.866596e-01	2.767525e-01	9.589819e-02	1.274342e-01												
72	-1.000000e+00	1.562500e-02	7.812500e-03		-1.784941e+02	-2.102995e+02	4.186754e+01	4.184520e-07	1.132555e-01	3.866596e-01	2.767525e-01	9.589819e-02	1.274342e-01												
73	-1.000000e+00	7.812500e-03	3.906250e-03		-1.784941e+02	-2.102995e+02	4.186754e+01	4.184520e-07	1.132555e-01	3.866596e-01	2.767525e-01	9.589819e-02	1.274342e-01												
74	-1.000000e+00	3.906250e-03	1.953125e-03		-1.784941e+02	-2.102995e+02	4.186754e+01	4.184520e-07	1.132555e-01	3.866596e-01	2.767525e-01	9.589819e-02	1.274342e-01												
75	-1.000000e+00	1.953125e-03	9.765625e-04		-1.784941e+02	-2.102995e+02	4.186754e+01	4.184520e-07	1.132555e-01	3.866596e-01	2.767525e-01	9.589819e-02	1.274342e-01												
76	-1.000000e+00	9.765625e-04	4.882812e-04		-1.784941e+02	-2.102995e+02	4.186754e+01	4.184520e-07	1.132555e-01	3.866596e-01	2.767525e-01	9.589819e-02	1.274342e-01												
77	-1.000000e+00	4.882812e-04	2.441406e-04		-1.784941e+02	-2.102995e+02	4.186754e+01	4.184520e-07	1.132555e-01	3.866596e-01	2.767525e-01	9.589819e-02	1.274342e-01												
78	-1.000000e+00	2.441406e-04	1.220703e-04		-1.784941e+02	-2.102995e+02	4.186754e+01	4.184520e-07	1.132555e-01	3.866596e-01	2.767525e-01	9.589819e-02	1.274342e-01												
79	-1.000000e+00	1.220703e-04	6.103516e-05		-1.784993e+02	-2.102995e+02	4.186710e+01	4.184520e-07	1.132219e-01	3.866847e-01	2.767589e-01	9.590191e-02	1.274326e-01												
80		6.103516e-05			-1.785084e+02	-2.102994e+02	4.186577e+01	4.184520e-07	1.132125e-01	3.866908e-01	2.767622e-01	9.590444e-02	1.274300e-01												
