RTO_iter	merit	base_merit	cost	con	XFr_A	XFr_B	XFr_E	XFr_P	XFr_G
1	-7.752530e+00	-7.752530e+00	-7.752530e+01	-3.276256e-02	1.295174e-01	4.930493e-01	2.141127e-01	9.131054e-02	4.723744e-02
2	-7.972840e+00	-7.972840e+00	-7.972840e+01	-3.242602e-02	1.294376e-01	4.922485e-01	2.145827e-01	9.143335e-02	4.757398e-02
3	-8.407544e+00	-8.407544e+00	-8.407544e+01	-3.175113e-02	1.292796e-01	4.906528e-01	2.155165e-01	9.167530e-02	4.824887e-02
4	-9.259000e+00	-9.259000e+00	-9.259000e+01	-3.038542e-02	1.289681e-01	4.874635e-01	2.173718e-01	9.214772e-02	4.961458e-02
5	-1.089246e+01	-1.089246e+01	-1.089246e+02	-2.758606e-02	1.283615e-01	4.810848e-01	2.210385e-01	9.304794e-02	5.241394e-02
6	-1.387906e+01	-1.387906e+01	-1.387906e+02	-2.171477e-02	1.272067e-01	4.683364e-01	2.281949e-01	9.466905e-02	5.828523e-02
7	-1.870753e+01	-1.870753e+01	-1.870753e+02	-8.901672e-03	1.250557e-01	4.430086e-01	2.417755e-01	9.718829e-02	7.109833e-02
8	4.225614e+01		-2.092619e+02	1.263647e-03	1.509387e-01	3.962916e-01	2.485421e-01	9.718318e-02	8.126365e-02
9	-9.485571e+00		-2.107241e+02	2.317367e-04	1.327159e-01	4.166778e-01	2.496551e-01	9.808365e-02	8.023174e-02
10	-2.054671e+01	-2.054671e+01	-2.054671e+02	-1.956967e-03	1.241353e-01	4.303733e-01	2.481773e-01	9.807430e-02	7.804303e-02
11	-3.235653e+00		-2.103080e+02	3.559028e-04	1.390650e-01	4.105755e-01	2.487398e-01	9.758459e-02	8.035590e-02
12	-1.637558e+01		-2.104194e+02	9.332722e-05	1.311781e-01	4.190402e-01	2.493800e-01	9.799223e-02	8.009333e-02
13	-1.993731e+01		-2.101584e+02	2.157060e-05	1.269509e-01	4.236104e-01	2.496832e-01	9.816775e-02	8.002157e-02
14	-2.094654e+01	-2.094654e+01	-2.094654e+02	-1.660300e-04	1.239270e-01	4.272158e-01	2.497345e-01	9.825594e-02	7.983397e-02
15	-1.985804e+01		-2.102027e+02	2.324456e-05	1.277745e-01	4.227746e-01	2.495951e-01	9.812314e-02	8.002324e-02
16	-2.070818e+01		-2.100346e+02	5.905711e-06	1.258221e-01	4.248673e-01	2.497412e-01	9.820194e-02	8.000591e-02
17	-2.091817e+01		-2.099319e+02	1.500493e-06	1.248453e-01	4.259168e-01	2.498115e-01	9.823857e-02	8.000150e-02
18	-2.096874e+01	-2.096874e+01	-2.098747e+02	3.745377e-07	1.243469e-01	4.264528e-01	2.498466e-01	9.825651e-02	8.000037e-02
19	-2.097484e+01	-2.097484e+01	-2.099281e+02	3.594452e-07	1.248312e-01	4.259333e-01	2.498120e-01	9.823919e-02	8.000036e-02
20	-2.097991e+01	-2.097991e+01	-2.099772e+02	3.562272e-07	1.253154e-01	4.254142e-01	2.497770e-01	9.822173e-02	8.000036e-02
21	-2.098455e+01	-2.098455e+01	-2.100219e+02	3.528353e-07	1.257994e-01	4.248957e-01	2.497419e-01	9.820415e-02	8.000035e-02
22	-2.098875e+01	-2.098875e+01	-2.100622e+02	3.494308e-07	1.262830e-01	4.243779e-01	2.497065e-01	9.818648e-02	8.000035e-02
23	-2.099256e+01	-2.099256e+01	-2.100982e+02	3.453103e-07	1.267658e-01	4.238611e-01	2.496711e-01	9.816877e-02	8.000035e-02
24	-2.099595e+01	-2.099595e+01	-2.101300e+02	3.409022e-07	1.272475e-01	4.233455e-01	2.496357e-01	9.815108e-02	8.000034e-02
25	-2.099896e+01	-2.099896e+01	-2.101575e+02	3.357070e-07	1.277274e-01	4.228317e-01	2.496006e-01	9.813350e-02	8.000034e-02
26	-2.100163e+01	-2.100163e+01	-2.101808e+02	3.291709e-07	1.282043e-01	4.223205e-01	2.495659e-01	9.811619e-02	8.000033e-02
27	-2.100400e+01	-2.100400e+01	-2.102001e+02	3.201843e-07	1.286761e-01	4.218137e-01	2.495323e-01	9.809936e-02	8.000032e-02
28	-2.100623e+01	-2.100623e+01	-2.102155e+02	3.063130e-07	1.291387e-01	4.213149e-01	2.495004e-01	9.808344e-02	8.000031e-02
29	-2.100864e+01	-2.100864e+01	-2.102272e+02	2.816274e-07	1.295824e-01	4.208327e-01	2.494720e-01	9.806924e-02	8.000028e-02
30	-2.101203e+01	-2.101203e+01	-2.102358e+02	2.309880e-07	1.299826e-01	4.203906e-01	2.494506e-01	9.805857e-02	8.000023e-02
31	-2.101789e+01	-2.101789e+01	-2.102423e+02	1.269026e-07	1.302736e-01	4.200541e-01	2.494440e-01	9.805531e-02	8.000013e-02
32	-2.102357e+01	-2.102357e+01	-2.102480e+02	2.461071e-08	1.303869e-01	4.198965e-01	2.494572e-01	9.806193e-02	8.000002e-02
33	-2.102513e+01	-2.102513e+01	-2.102536e+02	4.596219e-09	1.304079e-01	4.198342e-01	2.494794e-01	9.807301e-02	8.000000e-02
34	-2.102545e+01	-2.102545e+01	-2.102638e+02	1.857061e-08	1.302828e-01	4.198846e-01	2.495382e-01	9.810243e-02	8.000002e-02
35	-2.102650e+01	-2.102650e+01	-2.102737e+02	1.752383e-08	1.303467e-01	4.197371e-01	2.495805e-01	9.812358e-02	8.000002e-02
36	-2.102775e+01	-2.102775e+01	-2.102826e+02	1.013805e-08	1.302624e-01	4.197443e-01	2.496361e-01	9.815137e-02	8.000001e-02
37	-2.102828e+01	-2.102828e+01	-2.102911e+02	1.653270e-08	1.303218e-01	4.196011e-01	2.496790e-01	9.817282e-02	8.000002e-02
38	-2.102913e+01	-2.102913e+01	-2.102983e+02	1.407090e-08	1.302156e-01	4.196311e-01	2.497366e-01	9.820164e-02	8.000001e-02
39	-2.102851e+01		-2.103055e+02	4.073787e-08	1.303469e-01	4.194131e-01	2.497729e-01	9.821978e-02	8.000004e-02
40	-2.102804e+01		-2.103021e+02	4.329110e-08	1.303752e-01	4.194256e-01	2.497453e-01	9.820599e-02	8.000004e-02
41	-2.102923e+01	-2.102923e+01	-2.103003e+02	1.593258e-08	1.303122e-01	4.195110e-01	2.497394e-01	9.820301e-02	8.000002e-02
42	-2.102997e+01	-2.102997e+01	-2.103021e+02	4.749231e-09	1.303507e-01	4.194503e-01	2.497481e-01	9.820737e-02	8.000000e-02
43	-2.103026e+01	-2.103026e+01	-2.103038e+02	2.304254e-09	1.303623e-01	4.194174e-01	2.497594e-01	9.821302e-02	8.000000e-02
44	-2.103045e+01	-2.103045e+01	-2.103055e+02	1.961073e-09	1.303640e-01	4.193949e-01	2.497716e-01	9.821912e-02	8.000000e-02
45	-2.103061e+01	-2.103061e+01	-2.103071e+02	1.904296e-09	1.303620e-01	4.193761e-01	2.497841e-01	9.822539e-02	8.000000e-02
46	-2.103077e+01	-2.103077e+01	-2.103087e+02	1.893291e-09	1.303589e-01	4.193586e-01	2.497968e-01	9.823171e-02	8.000000e-02
47	-2.103092e+01	-2.103092e+01	-2.103102e+02	2.091334e-09	1.303553e-01	4.193415e-01	2.498095e-01	9.823806e-02	8.000000e-02
48	-2.103107e+01	-2.103107e+01	-2.103117e+02	1.891495e-09	1.303517e-01	4.193245e-01	2.498222e-01	9.824441e-02	8.000000e-02
49	-2.103122e+01	-2.103122e+01	-2.103131e+02	1.892370e-09	1.303480e-01	4.193075e-01	2.498349e-01	9.825077e-02	8.000000e-02
50	-2.103135e+01	-2.103135e+01	-2.103145e+02	1.893271e-09	1.303443e-01	4.192905e-01	2.498476e-01	9.825713e-02	8.000000e-02
51	-2.103149e+01	-2.103149e+01	-2.103158e+02	1.894362e-09	1.303406e-01	4.192735e-01	2.498603e-01	9.826350e-02	8.000000e-02
52	-2.103162e+01	-2.103162e+01	-2.103171e+02	1.895377e-09	1.303369e-01	4.192565e-01	2.498731e-01	9.826986e-02	8.000000e-02
53	-2.103174e+01	-2.103174e+01	-2.103183e+02	1.896437e-09	1.303332e-01	4.192395e-01	2.498858e-01	9.827624e-02	8.000000e-02
54	-2.103186e+01	-2.103186e+01	-2.103195e+02	1.897449e-09	1.303295e-01	4.192224e-01	2.498986e-01	9.828261e-02	8.000000e-02
55	-2.103197e+01	-2.103197e+01	-2.103207e+02	1.898494e-09	1.303257e-01	4.192054e-01	2.499113e-01	9.828899e-02	8.000000e-02
56	-2.103208e+01	-2.103208e+01	-2.103218e+02	1.899529e-09	1.303220e-01	4.191883e-01	2.499241e-01	9.829537e-02	8.000000e-02
57	-2.103219e+01	-2.103219e+01	-2.103228e+02	1.900601e-09	1.303183e-01	4.191713e-01	2.499368e-01	9.830175e-02	8.000000e-02
58	-2.103228e+01	-2.103228e+01	-2.103238e+02	2.101667e-09	1.303146e-01	4.191542e-01	2.499496e-01	9.830814e-02	8.000000e-02
59	-2.103238e+01	-2.103238e+01	-2.103248e+02	1.902674e-09	1.303109e-01	4.191372e-01	2.499624e-01	9.831453e-02	8.000000e-02
60	-2.103247e+01	-2.103247e+01	-2.103257e+02	1.903736e-09	1.303072e-01	4.191201e-01	2.499752e-01	9.832093e-02	8.000000e-02
61	-2.103256e+01	-2.103256e+01	-2.103265e+02	1.904834e-09	1.303035e-01	4.191030e-01	2.499880e-01	9.832732e-02	8.000000e-02
62	-2.103264e+01	-2.103264e+01	-2.103273e+02	1.905865e-09	1.302997e-01	4.190859e-01	2.500008e-01	9.833372e-02	8.000000e-02
63	-2.103271e+01	-2.103271e+01	-2.103281e+02	1.906921e-09	1.302960e-01	4.190688e-01	2.500136e-01	9.834013e-02	8.000000e-02
64	-2.103278e+01	-2.103278e+01	-2.103288e+02	1.908006e-09	1.302923e-01	4.190517e-01	2.500264e-01	9.834653e-02	8.000000e-02
65	-2.103285e+01	-2.103285e+01	-2.103294e+02	1.909031e-09	1.302886e-01	4.190345e-01	2.500392e-01	9.835294e-02	8.000000e-02
66	-2.103291e+01	-2.103291e+01	-2.103300e+02	1.910085e-09	1.302849e-01	4.190174e-01	2.500520e-01	9.835936e-02	8.000000e-02
67	-2.103296e+01	-2.103296e+01	-2.103306e+02	1.911176e-09	1.302811e-01	4.190002e-01	2.500649e-01	9.836577e-02	8.000000e-02
68	-2.103301e+01	-2.103301e+01	-2.103311e+02	1.912254e-09	1.302774e-01	4.189831e-01	2.500777e-01	9.837219e-02	8.000000e-02
69	-2.103305e+01	-2.103305e+01	-2.103316e+02	2.113345e-09	1.302737e-01	4.189659e-01	2.500906e-01	9.837862e-02	8.000000e-02
70	-2.103310e+01	-2.103310e+01	-2.103320e+02	1.914380e-09	1.302699e-01	4.189487e-01	2.501034e-01	9.838504e-02	8.000000e-02
71	-2.103314e+01	-2.103314e+01	-2.103323e+02	1.915392e-09	1.302662e-01	4.189316e-01	2.501163e-01	9.839147e-02	8.000000e-02
72	-2.103317e+01	-2.103317e+01	-2.103327e+02	1.916524e-09	1.302625e-01	4.189144e-01	2.501291e-01	9.839790e-02	8.000000e-02
73	-2.103320e+01	-2.103320e+01	-2.103329e+02	1.917500e-09	1.302587e-01	4.188972e-01	2.501420e-01	9.840434e-02	8.000000e-02
74	-2.103322e+01	-2.103322e+01	-2.103331e+02	1.918474e-09	1.302551e-01	4.188799e-01	2.501549e-01	9.841078e-02	8.000000e-02
75	-2.103324e+01	-2.103324e+01	-2.103333e+02	1.917837e-09	1.302511e-01	4.188630e-01	2.501678e-01	9.841723e-02	8.000000e-02
76	-2.102899e+01		-2.103331e+02	8.646585e-08	1.305066e-01	4.185981e-01	2.501435e-01	9.840507e-02	8.000009e-02
77	-2.103224e+01		-2.103333e+02	2.182250e-08	1.303756e-01	4.187286e-01	2.501591e-01	9.841289e-02	8.000002e-02
78	-2.103299e+01		-2.103334e+02	6.825102e-09	1.303170e-01	4.187903e-01	2.501641e-01	9.841538e-02	8.000001e-02
79	-2.103314e+01		-2.103333e+02	3.911201e-09	1.302982e-01	4.188108e-01	2.501653e-01	9.841598e-02	8.000000e-02
80	-2.103317e+01		-2.103333e+02	3.231622e-09	1.302926e-01	4.188170e-01	2.501656e-01	9.841615e-02	8.000000e-02
