RTO_iter	merit	base_merit	cost	con	XFr_A	XFr_B	XFr_E	XFr_P	XFr_G
1	-7.752530e+00	-7.752530e+00	-7.752530e+01	-3.276256e-02	1.295174e-01	4.930493e-01	2.141127e-01	9.131054e-02	4.723744e-02
2	-7.972840e+00	-7.972840e+00	-7.972840e+01	-3.242602e-02	1.294376e-01	4.922485e-01	2.145827e-01	9.143335e-02	4.757398e-02
3	-8.407544e+00	-8.407544e+00	-8.407544e+01	-3.175113e-02	1.292796e-01	4.906528e-01	2.155165e-01	9.167530e-02	4.824887e-02
4	-9.259000e+00	-9.259000e+00	-9.259000e+01	-3.038542e-02	1.289681e-01	4.874635e-01	2.173718e-01	9.214772e-02	4.961458e-02
5	-1.089246e+01	-1.089246e+01	-1.089246e+02	-2.758606e-02	1.283615e-01	4.810848e-01	2.210385e-01	9.304794e-02	5.241394e-02
6	-1.387906e+01	-1.387906e+01	-1.387906e+02	-2.171477e-02	1.272067e-01	4.683364e-01	2.281949e-01	9.466905e-02	5.828523e-02
7	-1.870753e+01	-1.870753e+01	-1.870753e+02	-8.901672e-03	1.250557e-01	4.430086e-01	2.417755e-01	9.718829e-02	7.109833e-02
8	-2.067346e+01	-2.067346e+01	-2.092620e+02	1.263664e-03	1.509387e-01	3.962916e-01	2.485422e-01	9.718319e-02	8.126366e-02
9	-2.093510e+01	-2.093510e+01	-2.115174e+02	1.083210e-03	1.194922e-01	4.284574e-01	2.518178e-01	9.888116e-02	8.108321e-02
10	-2.072136e+01		-2.096672e+02	1.226778e-03	1.493914e-01	3.982836e-01	2.484734e-01	9.716108e-02	8.122678e-02
11	-2.101311e+01	-2.101311e+01	-2.108368e+02	3.528314e-04	1.351576e-01	4.136058e-01	2.497132e-01	9.807233e-02	8.035283e-02
12	-2.094455e+01		-2.100374e+02	2.959647e-04	1.201898e-01	4.289984e-01	2.512105e-01	9.883993e-02	8.029596e-02
13	-2.102561e+01	-2.102561e+01	-2.104131e+02	7.851722e-05	1.274231e-01	4.220147e-01	2.502832e-01	9.844874e-02	8.007852e-02
14	-2.101250e+01		-2.102840e+02	7.948300e-05	1.351371e-01	4.141577e-01	2.494710e-01	9.804233e-02	8.007948e-02
15	-2.103149e+01	-2.103149e+01	-2.103579e+02	2.148080e-05	1.313955e-01	4.180050e-01	2.498589e-01	9.825564e-02	8.002148e-02
16	-2.102755e+01		-2.103088e+02	1.665541e-05	1.278287e-01	4.215954e-01	2.502606e-01	9.845808e-02	8.001666e-02
17	-2.103204e+01	-2.103204e+01	-2.103295e+02	4.544897e-06	1.295393e-01	4.199122e-01	2.500488e-01	9.835624e-02	8.000454e-02
18	-2.103132e+01		-2.103239e+02	5.318324e-06	1.315296e-01	4.178523e-01	2.498586e-01	9.826085e-02	8.000532e-02
19	-2.103257e+01	-2.103257e+01	-2.103285e+02	1.371802e-06	1.305391e-01	4.188686e-01	2.499595e-01	9.831263e-02	8.000137e-02
20	-2.103256e+01		-2.103271e+02	7.169943e-07	1.298008e-01	4.195849e-01	2.500586e-01	9.836238e-02	8.000072e-02
21	-2.103268e+01	-2.103268e+01	-2.103272e+02	1.947985e-07	1.301723e-01	4.192253e-01	2.500085e-01	9.833750e-02	8.000019e-02
22	-2.103279e+01	-2.103279e+01	-2.103282e+02	1.947644e-07	1.305205e-01	4.188320e-01	2.499947e-01	9.833063e-02	8.000019e-02
23	-2.103287e+01	-2.103287e+01	-2.103292e+02	2.077219e-07	1.301399e-01	4.192020e-01	2.500453e-01	9.835589e-02	8.000021e-02
24	-2.103290e+01	-2.103290e+01	-2.103296e+02	3.040005e-07	1.305930e-01	4.187111e-01	2.500151e-01	9.834077e-02	8.000030e-02
25	-2.103300e+01	-2.103300e+01	-2.103305e+02	2.600001e-07	1.301647e-01	4.191361e-01	2.500668e-01	9.836665e-02	8.000026e-02
26	-2.103298e+01		-2.103305e+02	3.187518e-07	1.306298e-01	4.186348e-01	2.500342e-01	9.835032e-02	8.000032e-02
27	-2.103305e+01	-2.103305e+01	-2.103307e+02	8.014662e-08	1.303743e-01	4.189057e-01	2.500549e-01	9.836074e-02	8.000008e-02
28	-2.103309e+01	-2.103309e+01	-2.103310e+02	4.599263e-08	1.302348e-01	4.190336e-01	2.500779e-01	9.837229e-02	8.000005e-02
29	-2.103314e+01	-2.103314e+01	-2.103315e+02	4.110911e-08	1.303549e-01	4.188897e-01	2.500781e-01	9.837238e-02	8.000004e-02
30	-2.103315e+01	-2.103315e+01	-2.103317e+02	1.352928e-07	1.300480e-01	4.191769e-01	2.501255e-01	9.839604e-02	8.000014e-02
31	-2.103316e+01	-2.103316e+01	-2.103323e+02	3.575413e-07	1.305521e-01	4.186484e-01	2.500813e-01	9.837385e-02	8.000036e-02
32	-2.103321e+01	-2.103321e+01	-2.103326e+02	2.820119e-07	1.301017e-01	4.190998e-01	2.501332e-01	9.839982e-02	8.000028e-02
33	-2.103316e+01		-2.103324e+02	3.570856e-07	1.306067e-01	4.185725e-01	2.500876e-01	9.837703e-02	8.000036e-02
34	-2.103324e+01	-2.103324e+01	-2.103327e+02	1.038445e-07	1.303531e-01	4.188337e-01	2.501127e-01	9.838965e-02	8.000010e-02
35	-2.103326e+01	-2.103326e+01	-2.103327e+02	5.679645e-08	1.301851e-01	4.189931e-01	2.501373e-01	9.840198e-02	8.000006e-02
36	-2.103326e+01	-2.103326e+01	-2.103328e+02	1.027118e-07	1.304334e-01	4.187287e-01	2.501180e-01	9.839229e-02	8.000010e-02
37	-2.103328e+01	-2.103328e+01	-2.103330e+02	8.477155e-08	1.302123e-01	4.189488e-01	2.501443e-01	9.840548e-02	8.000008e-02
38	-2.103327e+01		-2.103329e+02	1.032359e-07	1.304616e-01	4.186837e-01	2.501247e-01	9.839564e-02	8.000010e-02
39	-2.103329e+01	-2.103329e+01	-2.103330e+02	3.760118e-08	1.303336e-01	4.188173e-01	2.501363e-01	9.840145e-02	8.000004e-02
40	-2.103330e+01	-2.103330e+01	-2.103331e+02	2.970551e-08	1.302474e-01	4.188987e-01	2.501492e-01	9.840791e-02	8.000003e-02
41	-2.103331e+01	-2.103331e+01	-2.103332e+02	3.108447e-08	1.303448e-01	4.187894e-01	2.501450e-01	9.840580e-02	8.000003e-02
42	-2.103332e+01	-2.103332e+01	-2.103332e+02	3.345100e-08	1.302439e-01	4.188871e-01	2.501585e-01	9.841258e-02	8.000003e-02
43	-2.103332e+01	-2.103332e+01	-2.103333e+02	3.879397e-08	1.303606e-01	4.187597e-01	2.501513e-01	9.840898e-02	8.000004e-02
44	-2.103333e+01	-2.103333e+01	-2.103333e+02	3.487630e-08	1.302476e-01	4.188714e-01	2.501652e-01	9.841592e-02	8.000003e-02
45	-2.103333e+01		-2.103333e+02	3.965201e-08	1.303707e-01	4.187383e-01	2.501568e-01	9.841173e-02	8.000004e-02
46	-2.103333e+01	-2.103333e+01	-2.103334e+02	2.569024e-08	1.303140e-01	4.187984e-01	2.501614e-01	9.841404e-02	8.000003e-02
47	-2.103333e+01	-2.103333e+01	-2.103334e+02	2.457471e-08	1.302623e-01	4.188472e-01	2.501691e-01	9.841789e-02	8.000002e-02
48	-2.103334e+01	-2.103334e+01	-2.103334e+02	2.279949e-08	1.303125e-01	4.187897e-01	2.501677e-01	9.841716e-02	8.000002e-02
49	-2.103334e+01	-2.103334e+01	-2.103334e+02	2.344842e-08	1.302573e-01	4.188425e-01	2.501755e-01	9.842110e-02	8.000002e-02
50	-2.103334e+01	-2.103334e+01	-2.103335e+02	2.527592e-08	1.303259e-01	4.187674e-01	2.501714e-01	9.841902e-02	8.000003e-02
51	-2.103334e+01	-2.103334e+01	-2.103335e+02	2.519508e-08	1.302601e-01	4.188322e-01	2.501796e-01	9.842314e-02	8.000003e-02
52	-2.103334e+01	-2.103334e+01	-2.103335e+02	2.579609e-08	1.303319e-01	4.187543e-01	2.501749e-01	9.842078e-02	8.000003e-02
53	-2.103335e+01	-2.103335e+01	-2.103335e+02	2.598903e-08	1.302619e-01	4.188241e-01	2.501832e-01	9.842493e-02	8.000003e-02
54	-2.103335e+01		-2.103335e+02	2.649245e-08	1.303376e-01	4.187428e-01	2.501777e-01	9.842217e-02	8.000003e-02
55	-2.103335e+01	-2.103335e+01	-2.103335e+02	2.279026e-08	1.303138e-01	4.187675e-01	2.501799e-01	9.842328e-02	8.000002e-02
56	-2.103335e+01	-2.103335e+01	-2.103335e+02	2.087503e-08	1.302652e-01	4.188154e-01	2.501860e-01	9.842632e-02	8.000002e-02
57	-2.103335e+01	-2.103335e+01	-2.103335e+02	2.119835e-08	1.303181e-01	4.187580e-01	2.501825e-01	9.842458e-02	8.000002e-02
58	-2.103335e+01	-2.103335e+01	-2.103335e+02	2.129330e-08	1.302665e-01	4.188094e-01	2.501886e-01	9.842764e-02	8.000002e-02
59	-2.103335e+01		-2.103335e+02	2.157125e-08	1.303223e-01	4.187495e-01	2.501846e-01	9.842560e-02	8.000002e-02
60	-2.103335e+01		-2.103335e+02	2.114704e-08	1.303147e-01	4.187574e-01	2.501853e-01	9.842598e-02	8.000002e-02
61	-2.103335e+01	-2.103335e+01	-2.103335e+02	2.041148e-08	1.303126e-01	4.187595e-01	2.501855e-01	9.842608e-02	8.000002e-02
62	-2.103335e+01	-2.103335e+01	-2.103336e+02	2.033971e-08	1.302683e-01	4.188037e-01	2.501908e-01	9.842870e-02	8.000002e-02
63	-2.103335e+01		-2.103335e+02	2.047165e-08	1.303162e-01	4.187522e-01	2.501873e-01	9.842695e-02	8.000002e-02
64	-2.103335e+01		-2.103335e+02	2.053029e-08	1.303157e-01	4.187528e-01	2.501873e-01	9.842698e-02	8.000002e-02
65	-2.103335e+01		-2.103335e+02	2.051304e-08	1.303156e-01	4.187529e-01	2.501873e-01	9.842699e-02	8.000002e-02
66	-2.103335e+01		-2.103335e+02	2.050888e-08	1.303155e-01	4.187530e-01	2.501873e-01	9.842699e-02	8.000002e-02
67	-2.103335e+01		-2.103335e+02	2.050786e-08	1.303155e-01	4.187530e-01	2.501873e-01	9.842699e-02	8.000002e-02
68	-2.103335e+01		-2.103335e+02	2.050760e-08	1.303155e-01	4.187530e-01	2.501873e-01	9.842699e-02	8.000002e-02
69	-2.103335e+01		-2.103335e+02	2.050753e-08	1.303155e-01	4.187530e-01	2.501873e-01	9.842699e-02	8.000002e-02
70	-2.103335e+01		-2.103335e+02	2.050752e-08	1.303155e-01	4.187530e-01	2.501873e-01	9.842699e-02	8.000002e-02
71	-2.103335e+01		-2.103335e+02	2.050751e-08	1.303155e-01	4.187530e-01	2.501873e-01	9.842699e-02	8.000002e-02
72	-2.103335e+01		-2.103335e+02	2.050751e-08	1.303155e-01	4.187530e-01	2.501873e-01	9.842699e-02	8.000002e-02
73	-2.103335e+01		-2.103335e+02	2.050751e-08	1.303155e-01	4.187530e-01	2.501873e-01	9.842699e-02	8.000002e-02
74	-2.103335e+01		-2.103335e+02	2.050751e-08	1.303155e-01	4.187530e-01	2.501873e-01	9.842699e-02	8.000002e-02
75	-2.103335e+01		-2.103335e+02	2.050751e-08	1.303155e-01	4.187530e-01	2.501873e-01	9.842699e-02	8.000002e-02
76	-2.103335e+01		-2.103335e+02	2.050751e-08	1.303155e-01	4.187530e-01	2.501873e-01	9.842699e-02	8.000002e-02
77	-2.103335e+01		-2.103335e+02	2.050751e-08	1.303155e-01	4.187530e-01	2.501873e-01	9.842699e-02	8.000002e-02
78	-2.103335e+01		-2.103335e+02	2.050751e-08	1.303155e-01	4.187530e-01	2.501873e-01	9.842699e-02	8.000002e-02
79	-2.103335e+01		-2.103335e+02	2.050751e-08	1.303155e-01	4.187530e-01	2.501873e-01	9.842699e-02	8.000002e-02
80	-2.103335e+01		-2.103335e+02	2.050751e-08	1.303155e-01	4.187530e-01	2.501873e-01	9.842699e-02	8.000002e-02
