RTO_iter	merit	base_merit	cost	con	XFr_A	XFr_B	XFr_E	XFr_P	XFr_G
1	-7.752530e+00	-7.752530e+00	-7.752530e+01	-3.276256e-02	1.295174e-01	4.930493e-01	2.141127e-01	9.131054e-02	4.723744e-02
2	-7.972840e+00	-7.972840e+00	-7.972840e+01	-3.242602e-02	1.294376e-01	4.922485e-01	2.145827e-01	9.143335e-02	4.757398e-02
3	-8.407544e+00	-8.407544e+00	-8.407544e+01	-3.175113e-02	1.292796e-01	4.906528e-01	2.155165e-01	9.167530e-02	4.824887e-02
4	-9.259000e+00	-9.259000e+00	-9.259000e+01	-3.038542e-02	1.289681e-01	4.874635e-01	2.173718e-01	9.214772e-02	4.961458e-02
5	-1.089246e+01	-1.089246e+01	-1.089246e+02	-2.758606e-02	1.283615e-01	4.810848e-01	2.210385e-01	9.304794e-02	5.241394e-02
6	-1.387906e+01	-1.387906e+01	-1.387906e+02	-2.171477e-02	1.272067e-01	4.683364e-01	2.281949e-01	9.466905e-02	5.828523e-02
7	-1.870753e+01	-1.870753e+01	-1.870753e+02	-8.901672e-03	1.250557e-01	4.430086e-01	2.417755e-01	9.718829e-02	7.109833e-02
8	-2.067346e+01	-2.067346e+01	-2.092619e+02	1.263647e-03	1.509387e-01	3.962916e-01	2.485421e-01	9.718318e-02	8.126365e-02
9	-2.093510e+01	-2.093510e+01	-2.115174e+02	1.083193e-03	1.194922e-01	4.284574e-01	2.518178e-01	9.888115e-02	8.108319e-02
10	-2.072136e+01		-2.096671e+02	1.226760e-03	1.493914e-01	3.982836e-01	2.484733e-01	9.716108e-02	8.122676e-02
11	-2.101311e+01	-2.101311e+01	-2.108367e+02	3.528132e-04	1.351576e-01	4.136058e-01	2.497132e-01	9.807233e-02	8.035281e-02
12	-2.094455e+01		-2.100374e+02	2.959480e-04	1.201898e-01	4.289984e-01	2.512105e-01	9.883993e-02	8.029595e-02
13	-2.102561e+01	-2.102561e+01	-2.104131e+02	7.850183e-05	1.274231e-01	4.220147e-01	2.502831e-01	9.844873e-02	8.007850e-02
14	-2.101250e+01		-2.102840e+02	7.946154e-05	1.351371e-01	4.141577e-01	2.494710e-01	9.804233e-02	8.007946e-02
15	-2.103149e+01	-2.103149e+01	-2.103579e+02	2.146455e-05	1.313955e-01	4.180050e-01	2.498589e-01	9.825564e-02	8.002146e-02
16	-2.102755e+01		-2.103088e+02	1.663730e-05	1.278287e-01	4.215954e-01	2.502606e-01	9.845808e-02	8.001664e-02
17	-2.103204e+01	-2.103204e+01	-2.103295e+02	4.527562e-06	1.295393e-01	4.199122e-01	2.500488e-01	9.835624e-02	8.000453e-02
18	-2.103132e+01		-2.103238e+02	5.300171e-06	1.315296e-01	4.178523e-01	2.498586e-01	9.826085e-02	8.000530e-02
19	-2.103257e+01	-2.103257e+01	-2.103284e+02	1.354433e-06	1.305391e-01	4.188686e-01	2.499595e-01	9.831262e-02	8.000135e-02
20	-2.103256e+01		-2.103270e+02	6.988530e-07	1.298008e-01	4.195849e-01	2.500585e-01	9.836237e-02	8.000070e-02
21	-2.103268e+01	-2.103268e+01	-2.103272e+02	1.744101e-07	1.301723e-01	4.192253e-01	2.500084e-01	9.833750e-02	8.000017e-02
22	-2.103279e+01	-2.103279e+01	-2.103282e+02	1.746828e-07	1.305205e-01	4.188321e-01	2.499947e-01	9.833063e-02	8.000017e-02
23	-2.103287e+01	-2.103287e+01	-2.103291e+02	1.876609e-07	1.301399e-01	4.192021e-01	2.500452e-01	9.835589e-02	8.000019e-02
24	-2.103290e+01	-2.103290e+01	-2.103296e+02	2.839710e-07	1.305929e-01	4.187111e-01	2.500151e-01	9.834077e-02	8.000028e-02
25	-2.103300e+01	-2.103300e+01	-2.103305e+02	2.399583e-07	1.301647e-01	4.191361e-01	2.500668e-01	9.836665e-02	8.000024e-02
26	-2.103298e+01		-2.103304e+02	2.975127e-07	1.306298e-01	4.186348e-01	2.500342e-01	9.835032e-02	8.000030e-02
27	-2.103305e+01	-2.103305e+01	-2.103306e+02	6.201590e-08	1.303743e-01	4.189057e-01	2.500549e-01	9.836074e-02	8.000006e-02
28	-2.103309e+01	-2.103309e+01	-2.103310e+02	2.595970e-08	1.302348e-01	4.190337e-01	2.500779e-01	9.837229e-02	8.000003e-02
29	-2.103314e+01	-2.103314e+01	-2.103314e+02	2.293767e-08	1.303549e-01	4.188897e-01	2.500781e-01	9.837238e-02	8.000002e-02
30	-2.103315e+01	-2.103315e+01	-2.103317e+02	1.200593e-07	1.300480e-01	4.191769e-01	2.501255e-01	9.839604e-02	8.000012e-02
31	-2.103316e+01	-2.103316e+01	-2.103323e+02	3.411282e-07	1.305521e-01	4.186484e-01	2.500813e-01	9.837385e-02	8.000034e-02
32	-2.103321e+01	-2.103321e+01	-2.103326e+02	2.667876e-07	1.301017e-01	4.190998e-01	2.501331e-01	9.839982e-02	8.000027e-02
33	-2.103316e+01		-2.103323e+02	3.406698e-07	1.306067e-01	4.185725e-01	2.500876e-01	9.837703e-02	8.000034e-02
34	-2.103324e+01	-2.103324e+01	-2.103326e+02	8.571457e-08	1.303531e-01	4.188337e-01	2.501127e-01	9.838965e-02	8.000009e-02
35	-2.103326e+01	-2.103326e+01	-2.103327e+02	3.750305e-08	1.301851e-01	4.189931e-01	2.501373e-01	9.840198e-02	8.000004e-02
36	-2.103326e+01	-2.103326e+01	-2.103328e+02	8.418147e-08	1.304334e-01	4.187287e-01	2.501180e-01	9.839229e-02	8.000008e-02
37	-2.103328e+01	-2.103328e+01	-2.103330e+02	6.547366e-08	1.302123e-01	4.189488e-01	2.501443e-01	9.840548e-02	8.000007e-02
38	-2.103327e+01		-2.103329e+02	8.449880e-08	1.304616e-01	4.186837e-01	2.501247e-01	9.839564e-02	8.000008e-02
39	-2.103329e+01	-2.103329e+01	-2.103330e+02	2.088237e-08	1.303336e-01	4.188173e-01	2.501362e-01	9.840145e-02	8.000002e-02
40	-2.103330e+01	-2.103330e+01	-2.103330e+02	1.089003e-08	1.302474e-01	4.188987e-01	2.501492e-01	9.840791e-02	8.000001e-02
41	-2.103331e+01	-2.103331e+01	-2.103331e+02	1.426727e-08	1.303448e-01	4.187894e-01	2.501449e-01	9.840580e-02	8.000001e-02
42	-2.103332e+01	-2.103332e+01	-2.103332e+02	1.455264e-08	1.302439e-01	4.188872e-01	2.501585e-01	9.841258e-02	8.000001e-02
43	-2.103332e+01	-2.103332e+01	-2.103332e+02	1.949982e-08	1.303606e-01	4.187598e-01	2.501513e-01	9.840898e-02	8.000002e-02
44	-2.103333e+01	-2.103333e+01	-2.103333e+02	1.805930e-08	1.302476e-01	4.188714e-01	2.501652e-01	9.841592e-02	8.000002e-02
45	-2.103333e+01		-2.103333e+02	2.137963e-08	1.303707e-01	4.187383e-01	2.501568e-01	9.841173e-02	8.000002e-02
46	-2.103333e+01	-2.103333e+01	-2.103333e+02	6.889249e-09	1.303140e-01	4.187985e-01	2.501614e-01	9.841404e-02	8.000001e-02
47	-2.103333e+01	-2.103333e+01	-2.103334e+02	4.667993e-09	1.302623e-01	4.188473e-01	2.501691e-01	9.841789e-02	8.000000e-02
48	-2.103334e+01	-2.103334e+01	-2.103334e+02	4.516097e-09	1.303125e-01	4.187898e-01	2.501677e-01	9.841716e-02	8.000000e-02
49	-2.103334e+01	-2.103334e+01	-2.103334e+02	5.178538e-09	1.302573e-01	4.188425e-01	2.501755e-01	9.842110e-02	8.000001e-02
50	-2.103334e+01	-2.103334e+01	-2.103334e+02	7.271885e-09	1.303259e-01	4.187674e-01	2.501714e-01	9.841902e-02	8.000001e-02
51	-2.103334e+01	-2.103334e+01	-2.103335e+02	6.913913e-09	1.302601e-01	4.188322e-01	2.501796e-01	9.842314e-02	8.000001e-02
52	-2.103334e+01	-2.103334e+01	-2.103335e+02	7.790467e-09	1.303319e-01	4.187544e-01	2.501749e-01	9.842078e-02	8.000001e-02
53	-2.103335e+01	-2.103335e+01	-2.103335e+02	7.698568e-09	1.302619e-01	4.188241e-01	2.501832e-01	9.842493e-02	8.000001e-02
54	-2.103335e+01	-2.103335e+01	-2.103335e+02	8.485879e-09	1.303376e-01	4.187428e-01	2.501777e-01	9.842217e-02	8.000001e-02
55	-2.103335e+01	-2.103335e+01	-2.103335e+02	8.269255e-09	1.302647e-01	4.188160e-01	2.501860e-01	9.842632e-02	8.000001e-02
56	-2.103335e+01		-2.103335e+02	8.891435e-09	1.303429e-01	4.187328e-01	2.501799e-01	9.842326e-02	8.000001e-02
57	-2.103335e+01	-2.103335e+01	-2.103335e+02	4.648356e-09	1.303180e-01	4.187582e-01	2.501824e-01	9.842454e-02	8.000000e-02
58	-2.103335e+01	-2.103335e+01	-2.103335e+02	4.681182e-09	1.302665e-01	4.188096e-01	2.501885e-01	9.842760e-02	8.000000e-02
59	-2.103335e+01	-2.103335e+01	-2.103335e+02	4.955622e-09	1.303222e-01	4.187498e-01	2.501845e-01	9.842557e-02	8.000000e-02
60	-2.103335e+01	-2.103335e+01	-2.103335e+02	4.989893e-09	1.302685e-01	4.188037e-01	2.501906e-01	9.842863e-02	8.000000e-02
61	-2.103335e+01		-2.103335e+02	5.172606e-09	1.303261e-01	4.187424e-01	2.501861e-01	9.842638e-02	8.000001e-02
62	-2.103335e+01	-2.103335e+01	-2.103335e+02	4.101285e-09	1.303183e-01	4.187503e-01	2.501869e-01	9.842680e-02	8.000000e-02
63	-2.103335e+01	-2.103335e+01	-2.103335e+02	4.206872e-09	1.302703e-01	4.187986e-01	2.501924e-01	9.842952e-02	8.000000e-02
64	-2.103335e+01	-2.103335e+01	-2.103335e+02	4.273089e-09	1.303216e-01	4.187440e-01	2.501883e-01	9.842748e-02	8.000000e-02
65	-2.103335e+01	-2.103335e+01	-2.103335e+02	4.362389e-09	1.302725e-01	4.187938e-01	2.501937e-01	9.843018e-02	8.000000e-02
66	-2.103335e+01		-2.103335e+02	4.357501e-09	1.303248e-01	4.187386e-01	2.501893e-01	9.842797e-02	8.000000e-02
67	-2.103335e+01		-2.103335e+02	4.100976e-09	1.303228e-01	4.187406e-01	2.501895e-01	9.842810e-02	8.000000e-02
68	-2.103335e+01		-2.103335e+02	4.031387e-09	1.303222e-01	4.187412e-01	2.501896e-01	9.842814e-02	8.000000e-02
69	-2.103335e+01		-2.103335e+02	4.013285e-09	1.303220e-01	4.187413e-01	2.501896e-01	9.842814e-02	8.000000e-02
70	-2.103335e+01		-2.103335e+02	4.008929e-09	1.303220e-01	4.187413e-01	2.501896e-01	9.842815e-02	8.000000e-02
71	-2.103335e+01		-2.103335e+02	4.007850e-09	1.303220e-01	4.187414e-01	2.501896e-01	9.842815e-02	8.000000e-02
72	-2.103335e+01		-2.103335e+02	4.007580e-09	1.303220e-01	4.187414e-01	2.501896e-01	9.842815e-02	8.000000e-02
73	-2.103335e+01		-2.103335e+02	4.007514e-09	1.303220e-01	4.187414e-01	2.501896e-01	9.842815e-02	8.000000e-02
74	-2.103335e+01		-2.103335e+02	4.007496e-09	1.303220e-01	4.187414e-01	2.501896e-01	9.842815e-02	8.000000e-02
75	-2.103335e+01		-2.103335e+02	4.007492e-09	1.303220e-01	4.187414e-01	2.501896e-01	9.842815e-02	8.000000e-02
76	-2.103335e+01		-2.103335e+02	4.007492e-09	1.303220e-01	4.187414e-01	2.501896e-01	9.842815e-02	8.000000e-02
77	-2.103335e+01		-2.103335e+02	4.007492e-09	1.303220e-01	4.187414e-01	2.501896e-01	9.842815e-02	8.000000e-02
78	-2.103335e+01		-2.103335e+02	4.007492e-09	1.303220e-01	4.187414e-01	2.501896e-01	9.842815e-02	8.000000e-02
79	-2.103335e+01		-2.103335e+02	4.007492e-09	1.303220e-01	4.187414e-01	2.501896e-01	9.842815e-02	8.000000e-02
80	-2.103335e+01		-2.103335e+02	4.007492e-09	1.303220e-01	4.187414e-01	2.501896e-01	9.842815e-02	8.000000e-02
