RTO_iter	merit	base_merit	cost	con	XFr_A	XFr_B	XFr_E	XFr_P	XFr_G
1	-7.752530e+00	-7.752530e+00	-7.752530e+01	-3.276256e-02	1.295174e-01	4.930493e-01	2.141127e-01	9.131054e-02	4.723744e-02
2	-7.972840e+00	-7.972840e+00	-7.972840e+01	-3.242602e-02	1.294376e-01	4.922485e-01	2.145827e-01	9.143335e-02	4.757398e-02
3	-8.407544e+00	-8.407544e+00	-8.407544e+01	-3.175113e-02	1.292796e-01	4.906528e-01	2.155165e-01	9.167530e-02	4.824887e-02
4	-9.259000e+00	-9.259000e+00	-9.259000e+01	-3.038542e-02	1.289681e-01	4.874635e-01	2.173718e-01	9.214772e-02	4.961458e-02
5	-1.089246e+01	-1.089246e+01	-1.089246e+02	-2.758606e-02	1.283615e-01	4.810848e-01	2.210385e-01	9.304794e-02	5.241394e-02
6	-1.387906e+01	-1.387906e+01	-1.387906e+02	-2.171477e-02	1.272067e-01	4.683364e-01	2.281949e-01	9.466905e-02	5.828523e-02
7	-1.870753e+01	-1.870753e+01	-1.870753e+02	-8.901672e-03	1.250557e-01	4.430086e-01	2.417755e-01	9.718829e-02	7.109833e-02
8	-1.966255e+01	-1.966255e+01	-2.092619e+02	1.263647e-03	1.509387e-01	3.962916e-01	2.485421e-01	9.718318e-02	8.126365e-02
9	-2.006855e+01	-2.006855e+01	-2.115174e+02	1.083193e-03	1.194922e-01	4.284574e-01	2.518178e-01	9.888115e-02	8.108319e-02
10	-1.973995e+01		-2.096671e+02	1.226760e-03	1.493914e-01	3.982836e-01	2.484733e-01	9.716108e-02	8.122676e-02
11	-2.073086e+01	-2.073086e+01	-2.108367e+02	3.528132e-04	1.351576e-01	4.136058e-01	2.497132e-01	9.807233e-02	8.035281e-02
12	-2.070779e+01		-2.100374e+02	2.959480e-04	1.201898e-01	4.289984e-01	2.512105e-01	9.883993e-02	8.029595e-02
13	-2.096281e+01	-2.096281e+01	-2.104131e+02	7.850183e-05	1.274231e-01	4.220147e-01	2.502831e-01	9.844873e-02	8.007850e-02
14	-2.094893e+01		-2.102840e+02	7.946155e-05	1.351371e-01	4.141577e-01	2.494710e-01	9.804233e-02	8.007946e-02
15	-2.101432e+01	-2.101432e+01	-2.103579e+02	2.146456e-05	1.313955e-01	4.180050e-01	2.498589e-01	9.825564e-02	8.002146e-02
16	-2.101424e+01		-2.103088e+02	1.663730e-05	1.278287e-01	4.215954e-01	2.502606e-01	9.845808e-02	8.001664e-02
17	-2.102842e+01	-2.102842e+01	-2.103295e+02	4.527563e-06	1.295393e-01	4.199122e-01	2.500488e-01	9.835624e-02	8.000453e-02
18	-2.102708e+01		-2.103238e+02	5.300171e-06	1.315296e-01	4.178523e-01	2.498586e-01	9.826085e-02	8.000530e-02
19	-2.103149e+01	-2.103149e+01	-2.103284e+02	1.354433e-06	1.305391e-01	4.188686e-01	2.499595e-01	9.831262e-02	8.000135e-02
20	-2.103200e+01	-2.103200e+01	-2.103270e+02	6.988537e-07	1.298008e-01	4.195849e-01	2.500585e-01	9.836237e-02	8.000070e-02
21	-2.103155e+01		-2.103290e+02	1.353508e-06	1.308029e-01	4.185351e-01	2.499702e-01	9.831798e-02	8.000135e-02
22	-2.103257e+01	-2.103257e+01	-2.103290e+02	3.338074e-07	1.302961e-01	4.190610e-01	2.500181e-01	9.834225e-02	8.000033e-02
23	-2.103292e+01	-2.103292e+01	-2.103294e+02	1.856180e-08	1.301745e-01	4.191484e-01	2.500526e-01	9.835965e-02	8.000002e-02
24	-2.103126e+01		-2.103260e+02	1.339019e-06	1.311772e-01	4.181046e-01	2.499600e-01	9.831289e-02	8.000134e-02
25	-2.103275e+01		-2.103300e+02	2.588247e-07	1.306052e-01	4.186771e-01	2.500266e-01	9.834654e-02	8.000026e-02
26	-2.103295e+01	-2.103295e+01	-2.103301e+02	5.416197e-08	1.303688e-01	4.189319e-01	2.500432e-01	9.835493e-02	8.000005e-02
27	-2.103303e+01	-2.103303e+01	-2.103305e+02	2.097245e-08	1.302438e-01	4.190440e-01	2.500654e-01	9.836603e-02	8.000002e-02
28	-2.103308e+01	-2.103308e+01	-2.103310e+02	1.457851e-08	1.303354e-01	4.189288e-01	2.500688e-01	9.836772e-02	8.000001e-02
29	-2.103312e+01	-2.103312e+01	-2.103314e+02	1.528005e-08	1.302295e-01	4.190201e-01	2.500898e-01	9.837821e-02	8.000002e-02
30	-2.103315e+01	-2.103315e+01	-2.103318e+02	3.150056e-08	1.303735e-01	4.188524e-01	2.500871e-01	9.837686e-02	8.000003e-02
31	-2.103317e+01	-2.103317e+01	-2.103321e+02	3.597718e-08	1.302090e-01	4.190079e-01	2.501116e-01	9.838911e-02	8.000004e-02
32	-2.103316e+01		-2.103323e+02	6.511592e-08	1.304242e-01	4.187718e-01	2.500989e-01	9.838275e-02	8.000007e-02
33	-2.103321e+01	-2.103321e+01	-2.103322e+02	1.638084e-08	1.303144e-01	4.188909e-01	2.501062e-01	9.838641e-02	8.000002e-02
34	-2.103323e+01	-2.103323e+01	-2.103324e+02	3.555929e-09	1.302718e-01	4.189249e-01	2.501163e-01	9.839147e-02	8.000000e-02
35	-2.103325e+01	-2.103325e+01	-2.103325e+02	2.282451e-09	1.302951e-01	4.188896e-01	2.501207e-01	9.839368e-02	8.000000e-02
36	-2.103326e+01	-2.103326e+01	-2.103327e+02	1.169120e-08	1.302035e-01	4.189655e-01	2.501407e-01	9.840367e-02	8.000001e-02
37	-2.103320e+01		-2.103328e+02	8.381233e-08	1.304515e-01	4.187012e-01	2.501214e-01	9.839402e-02	8.000008e-02
38	-2.103327e+01	-2.103327e+01	-2.103329e+02	2.106769e-08	1.303254e-01	4.188334e-01	2.501325e-01	9.839960e-02	8.000002e-02
39	-2.103329e+01	-2.103329e+01	-2.103330e+02	8.615645e-09	1.302498e-01	4.189031e-01	2.501449e-01	9.840577e-02	8.000001e-02
40	-2.103330e+01	-2.103330e+01	-2.103331e+02	1.160597e-08	1.303360e-01	4.188045e-01	2.501422e-01	9.840441e-02	8.000001e-02
41	-2.103330e+01	-2.103330e+01	-2.103331e+02	1.244415e-08	1.302432e-01	4.188932e-01	2.501554e-01	9.841103e-02	8.000001e-02
42	-2.103330e+01		-2.103332e+02	1.847008e-08	1.303563e-01	4.187691e-01	2.501488e-01	9.840773e-02	8.000002e-02
43	-2.103331e+01	-2.103331e+01	-2.103332e+02	6.325595e-09	1.303060e-01	4.188235e-01	2.501522e-01	9.840942e-02	8.000001e-02
44	-2.103332e+01	-2.103332e+01	-2.103332e+02	2.946815e-09	1.302690e-01	4.188563e-01	2.501590e-01	9.841284e-02	8.000000e-02
45	-2.103333e+01	-2.103333e+01	-2.103333e+02	2.143635e-09	1.302953e-01	4.188226e-01	2.501604e-01	9.841351e-02	8.000000e-02
46	-2.103333e+01	-2.103333e+01	-2.103333e+02	2.342007e-09	1.302651e-01	4.188479e-01	2.501667e-01	9.841671e-02	8.000000e-02
47	-2.103333e+01	-2.103333e+01	-2.103334e+02	3.311381e-09	1.303048e-01	4.188007e-01	2.501666e-01	9.841662e-02	8.000000e-02
48	-2.103334e+01	-2.103334e+01	-2.103334e+02	4.120318e-09	1.302573e-01	4.188449e-01	2.501741e-01	9.842036e-02	8.000000e-02
49	-2.103333e+01	-2.103333e+01	-2.103334e+02	6.941282e-09	1.303240e-01	4.187716e-01	2.501702e-01	9.841845e-02	8.000001e-02
50	-2.103334e+01	-2.103334e+01	-2.103334e+02	6.630924e-09	1.302598e-01	4.188346e-01	2.501784e-01	9.842255e-02	8.000001e-02
51	-2.103334e+01	-2.103334e+01	-2.103334e+02	7.537633e-09	1.303300e-01	4.187581e-01	2.501740e-01	9.842033e-02	8.000001e-02
52	-2.103334e+01	-2.103334e+01	-2.103335e+02	7.490907e-09	1.302611e-01	4.188265e-01	2.501823e-01	9.842448e-02	8.000001e-02
53	-2.103334e+01		-2.103335e+02	8.341645e-09	1.303360e-01	4.187459e-01	2.501770e-01	9.842181e-02	8.000001e-02
54	-2.103334e+01	-2.103334e+01	-2.103335e+02	4.434582e-09	1.303127e-01	4.187703e-01	2.501791e-01	9.842287e-02	8.000000e-02
55	-2.103334e+01	-2.103334e+01	-2.103335e+02	4.135572e-09	1.302651e-01	4.188170e-01	2.501851e-01	9.842589e-02	8.000000e-02
56	-2.103334e+01	-2.103334e+01	-2.103335e+02	4.445306e-09	1.303167e-01	4.187607e-01	2.501819e-01	9.842427e-02	8.000000e-02
57	-2.103335e+01	-2.103335e+01	-2.103335e+02	4.579973e-09	1.302659e-01	4.188112e-01	2.501880e-01	9.842732e-02	8.000000e-02
58	-2.103335e+01	-2.103335e+01	-2.103335e+02	4.898825e-09	1.303212e-01	4.187517e-01	2.501840e-01	9.842534e-02	8.000000e-02
59	-2.103335e+01	-2.103335e+01	-2.103335e+02	4.923472e-09	1.302680e-01	4.188051e-01	2.501901e-01	9.842840e-02	8.000000e-02
60	-2.103335e+01		-2.103335e+02	5.137136e-09	1.303252e-01	4.187441e-01	2.501857e-01	9.842619e-02	8.000001e-02
61	-2.103335e+01	-2.103335e+01	-2.103335e+02	4.064486e-09	1.303174e-01	4.187521e-01	2.501866e-01	9.842662e-02	8.000000e-02
62	-2.103335e+01	-2.103335e+01	-2.103335e+02	4.158392e-09	1.302697e-01	4.187999e-01	2.501920e-01	9.842933e-02	8.000000e-02
63	-2.103335e+01	-2.103335e+01	-2.103335e+02	4.252799e-09	1.303209e-01	4.187454e-01	2.501880e-01	9.842733e-02	8.000000e-02
64	-2.103335e+01	-2.103335e+01	-2.103335e+02	4.330337e-09	1.302719e-01	4.187949e-01	2.501934e-01	9.843003e-02	8.000000e-02
65	-2.103335e+01		-2.103335e+02	4.342572e-09	1.303241e-01	4.187398e-01	2.501891e-01	9.842787e-02	8.000000e-02
66	-2.103335e+01	-2.103335e+01	-2.103335e+02	4.081407e-09	1.303220e-01	4.187419e-01	2.501893e-01	9.842799e-02	8.000000e-02
67	-2.103335e+01	-2.103335e+01	-2.103335e+02	4.201186e-09	1.302741e-01	4.187905e-01	2.501945e-01	9.843059e-02	8.000000e-02
68	-2.103335e+01	-2.103335e+01	-2.103335e+02	1.079537e-09	1.302752e-01	4.187851e-01	2.501969e-01	9.843178e-02	8.000000e-02
69	-2.103335e+01	-2.103335e+01	-2.103335e+02	1.327195e-09	1.302618e-01	4.187949e-01	2.502006e-01	9.843364e-02	8.000000e-02
70	-2.103335e+01		-2.103335e+02	4.200990e-09	1.303138e-01	4.187413e-01	2.501955e-01	9.843107e-02	8.000000e-02
71	-2.103335e+01		-2.103335e+02	3.985704e-09	1.303121e-01	4.187430e-01	2.501957e-01	9.843116e-02	8.000000e-02
72	-2.103335e+01		-2.103335e+02	3.932254e-09	1.303117e-01	4.187434e-01	2.501957e-01	9.843119e-02	8.000000e-02
73	-2.103335e+01		-2.103335e+02	3.918383e-09	1.303116e-01	4.187436e-01	2.501957e-01	9.843119e-02	8.000000e-02
74	-2.103335e+01		-2.103335e+02	3.914974e-09	1.303116e-01	4.187436e-01	2.501957e-01	9.843120e-02	8.000000e-02
75	-2.103335e+01		-2.103335e+02	3.914126e-09	1.303115e-01	4.187436e-01	2.501957e-01	9.843120e-02	8.000000e-02
76	-2.103335e+01		-2.103335e+02	3.913915e-09	1.303115e-01	4.187436e-01	2.501957e-01	9.843120e-02	8.000000e-02
77	-2.103335e+01		-2.103335e+02	3.913863e-09	1.303115e-01	4.187436e-01	2.501957e-01	9.843120e-02	8.000000e-02
78	-2.103335e+01		-2.103335e+02	3.913849e-09	1.303115e-01	4.187436e-01	2.501957e-01	9.843120e-02	8.000000e-02
79	-2.103335e+01		-2.103335e+02	3.913846e-09	1.303115e-01	4.187436e-01	2.501957e-01	9.843120e-02	8.000000e-02
80	-2.103335e+01		-2.103335e+02	3.913845e-09	1.303115e-01	4.187436e-01	2.501957e-01	9.843120e-02	8.000000e-02
