RTO_iter	merit	base_merit	cost	con	XFr_A	XFr_B	XFr_E	XFr_P	XFr_G
1	-7.752530e+00	-7.752530e+00	-7.752530e+01	-3.276256e-02	1.295174e-01	4.930493e-01	2.141127e-01	9.131054e-02	4.723744e-02
2	-8.834613e+00	-8.834613e+00	-8.834613e+01	-3.107377e-02	1.291236e-01	4.890642e-01	2.164426e-01	9.191257e-02	4.892623e-02
3	-1.089084e+01	-1.089084e+01	-1.089084e+02	-2.758953e-02	1.283612e-01	4.810923e-01	2.210350e-01	9.304733e-02	5.241047e-02
4	-1.456497e+01	-1.456497e+01	-1.456497e+02	-2.019548e-02	1.269247e-01	4.651660e-01	2.299434e-01	9.503684e-02	5.980452e-02
5	-2.011584e+01	-2.011584e+01	-2.011584e+02	-3.753719e-03	1.242317e-01	4.336758e-01	2.466097e-01	9.788941e-02	7.624628e-02
6	-6.240385e+00		-2.078540e+02	1.454501e-03	1.555039e-01	3.923499e-01	2.475986e-01	9.664780e-02	8.145450e-02
7	-1.547088e+01		-2.101545e+02	5.544564e-04	1.423304e-01	4.067978e-01	2.486115e-01	9.745427e-02	8.055446e-02
8	-1.967206e+01		-2.105111e+02	1.379048e-04	1.320781e-01	4.179015e-01	2.494059e-01	9.799033e-02	8.013790e-02
9	-2.078095e+01	-2.078095e+01	-2.100988e+02	2.289313e-05	1.259726e-01	4.245871e-01	2.497967e-01	9.822406e-02	8.002289e-02
10	-2.068562e+01		-2.103058e+02	3.449642e-05	1.308644e-01	4.194290e-01	2.493870e-01	9.801535e-02	8.003450e-02
11	-2.093480e+01	-2.093480e+01	-2.102163e+02	8.683175e-06	1.284112e-01	4.220272e-01	2.495913e-01	9.812608e-02	8.000868e-02
12	-2.094315e+01	-2.094315e+01	-2.102578e+02	8.262750e-06	1.308355e-01	4.194601e-01	2.493959e-01	9.802853e-02	8.000826e-02
13	-2.099558e+01	-2.099558e+01	-2.102569e+02	3.010619e-06	1.292972e-01	4.209202e-01	2.496219e-01	9.814326e-02	8.000301e-02
14	-2.094596e+01		-2.102707e+02	8.110585e-06	1.317178e-01	4.183465e-01	2.494310e-01	9.804612e-02	8.000811e-02
15	-2.100825e+01	-2.100825e+01	-2.102710e+02	1.885498e-06	1.304556e-01	4.196766e-01	2.495387e-01	9.810205e-02	8.000189e-02
16	-2.102624e+01	-2.102624e+01	-2.102776e+02	1.522685e-07	1.300946e-01	4.199599e-01	2.496271e-01	9.814684e-02	8.000015e-02
17	-2.102937e+01	-2.102937e+01	-2.102967e+02	2.985399e-08	1.299329e-01	4.199264e-01	2.497619e-01	9.821428e-02	8.000003e-02
18	-2.072855e+01		-2.101933e+02	2.907819e-05	1.346526e-01	4.150988e-01	2.492702e-01	9.795873e-02	8.002908e-02
19	-2.094555e+01		-2.102828e+02	8.273567e-06	1.324060e-01	4.173184e-01	2.495527e-01	9.810695e-02	8.000827e-02
20	-2.101440e+01		-2.103034e+02	1.593847e-06	1.309975e-01	4.187601e-01	2.496983e-01	9.818196e-02	8.000159e-02
21	-2.102677e+01		-2.103021e+02	3.436572e-07	1.304236e-01	4.193819e-01	2.497368e-01	9.820163e-02	8.000034e-02
22	-2.102914e+01		-2.102998e+02	8.365442e-08	1.301739e-01	4.196580e-01	2.497502e-01	9.820842e-02	8.000008e-02
23	-2.102961e+01	-2.102961e+01	-2.102984e+02	2.254806e-08	1.300564e-01	4.197886e-01	2.497561e-01	9.821135e-02	8.000002e-02
24	-2.102981e+01	-2.102981e+01	-2.102998e+02	1.716386e-08	1.301622e-01	4.196680e-01	2.497526e-01	9.820963e-02	8.000002e-02
25	-2.103000e+01	-2.103000e+01	-2.103011e+02	1.108573e-08	1.302440e-01	4.195710e-01	2.497521e-01	9.820940e-02	8.000001e-02
26	-2.103017e+01	-2.103017e+01	-2.103023e+02	6.157738e-09	1.302999e-01	4.195001e-01	2.497546e-01	9.821062e-02	8.000001e-02
27	-2.103031e+01	-2.103031e+01	-2.103034e+02	3.387313e-09	1.303341e-01	4.194513e-01	2.497593e-01	9.821296e-02	8.000000e-02
28	-2.103043e+01	-2.103043e+01	-2.103045e+02	2.199152e-09	1.303536e-01	4.194177e-01	2.497654e-01	9.821603e-02	8.000000e-02
29	-2.103063e+01	-2.103063e+01	-2.103065e+02	2.244478e-09	1.303538e-01	4.193917e-01	2.497807e-01	9.822369e-02	8.000000e-02
30	-2.103092e+01	-2.103092e+01	-2.103102e+02	1.059487e-08	1.302646e-01	4.194341e-01	2.498189e-01	9.824276e-02	8.000001e-02
31	-2.103127e+01	-2.103127e+01	-2.103139e+02	1.176904e-08	1.303241e-01	4.193209e-01	2.498438e-01	9.825524e-02	8.000001e-02
32	-2.103161e+01	-2.103161e+01	-2.103170e+02	9.008202e-09	1.302437e-01	4.193540e-01	2.498813e-01	9.827398e-02	8.000001e-02
33	-2.103183e+01	-2.103183e+01	-2.103201e+02	1.733885e-08	1.303264e-01	4.192168e-01	2.499041e-01	9.828539e-02	8.000002e-02
34	-2.103202e+01	-2.103202e+01	-2.103225e+02	2.272985e-08	1.301899e-01	4.193090e-01	2.499463e-01	9.830646e-02	8.000002e-02
35	-2.103146e+01		-2.103250e+02	1.040573e-07	1.304467e-01	4.189938e-01	2.499511e-01	9.830883e-02	8.000010e-02
36	-2.103195e+01		-2.103238e+02	4.271105e-08	1.303570e-01	4.191125e-01	2.499443e-01	9.830548e-02	8.000004e-02
37	-2.103219e+01	-2.103219e+01	-2.103232e+02	1.317346e-08	1.302808e-01	4.192029e-01	2.499447e-01	9.830569e-02	8.000001e-02
38	-2.103235e+01	-2.103235e+01	-2.103238e+02	3.487550e-09	1.303159e-01	4.191531e-01	2.499494e-01	9.830802e-02	8.000000e-02
39	-2.103243e+01	-2.103243e+01	-2.103244e+02	1.668341e-09	1.303233e-01	4.191319e-01	2.499567e-01	9.831168e-02	8.000000e-02
40	-2.103252e+01	-2.103252e+01	-2.103255e+02	3.149096e-09	1.302880e-01	4.191429e-01	2.499752e-01	9.832096e-02	8.000000e-02
41	-2.103263e+01	-2.103263e+01	-2.103266e+02	2.766442e-09	1.303008e-01	4.191036e-01	2.499896e-01	9.832811e-02	8.000000e-02
42	-2.103263e+01	-2.103263e+01	-2.103266e+02	2.767515e-09	1.303008e-01	4.191036e-01	2.499896e-01	9.832811e-02	8.000000e-02
43	-2.103246e+01		-2.103281e+02	3.550900e-08	1.301286e-01	4.192336e-01	2.500346e-01	9.835062e-02	8.000004e-02
44	-2.103274e+01	-2.103274e+01	-2.103276e+02	2.097976e-09	1.302836e-01	4.190954e-01	2.500066e-01	9.833661e-02	8.000000e-02
45	-2.103263e+01		-2.103290e+02	2.712708e-08	1.301339e-01	4.192015e-01	2.500499e-01	9.835827e-02	8.000003e-02
46	-2.103282e+01	-2.103282e+01	-2.103285e+02	2.448676e-09	1.302896e-01	4.190632e-01	2.500215e-01	9.834408e-02	8.000000e-02
47	-2.103255e+01		-2.103297e+02	4.206286e-08	1.301031e-01	4.192083e-01	2.500677e-01	9.836716e-02	8.000004e-02
48	-2.103291e+01	-2.103291e+01	-2.103293e+02	2.245223e-09	1.302741e-01	4.190533e-01	2.500384e-01	9.835252e-02	8.000000e-02
49	-2.103270e+01		-2.103304e+02	3.379908e-08	1.301068e-01	4.191780e-01	2.500831e-01	9.837488e-02	8.000003e-02
50	-2.103298e+01	-2.103298e+01	-2.103301e+02	2.580415e-09	1.302830e-01	4.190179e-01	2.500531e-01	9.835987e-02	8.000000e-02
51	-2.103305e+01	-2.103305e+01	-2.103307e+02	2.521562e-09	1.302587e-01	4.190173e-01	2.500707e-01	9.836870e-02	8.000000e-02
52	-2.103309e+01	-2.103309e+01	-2.103314e+02	4.438066e-09	1.302914e-01	4.189571e-01	2.500832e-01	9.837494e-02	8.000000e-02
53	-2.103310e+01	-2.103310e+01	-2.103318e+02	8.195569e-09	1.302161e-01	4.190102e-01	2.501051e-01	9.838589e-02	8.000001e-02
54	-2.103227e+01		-2.103321e+02	9.375734e-08	1.304740e-01	4.187257e-01	2.500909e-01	9.837876e-02	8.000009e-02
55	-2.103299e+01		-2.103321e+02	2.149057e-08	1.303370e-01	4.188749e-01	2.500997e-01	9.838317e-02	8.000002e-02
56	-2.103313e+01	-2.103313e+01	-2.103320e+02	7.191944e-09	1.302831e-01	4.189350e-01	2.501022e-01	9.838445e-02	8.000001e-02
57	-2.103320e+01	-2.103320e+01	-2.103321e+02	1.460577e-09	1.302949e-01	4.189151e-01	2.501057e-01	9.838617e-02	8.000000e-02
58	-2.103321e+01	-2.103321e+01	-2.103323e+02	2.189392e-09	1.302690e-01	4.189287e-01	2.501160e-01	9.839132e-02	8.000000e-02
59	-2.103323e+01	-2.103323e+01	-2.103326e+02	2.591300e-09	1.302940e-01	4.188892e-01	2.501217e-01	9.839418e-02	8.000000e-02
60	-2.103324e+01	-2.103324e+01	-2.103327e+02	3.052121e-09	1.302566e-01	4.189150e-01	2.501329e-01	9.839979e-02	8.000000e-02
61	-2.103322e+01		-2.103329e+02	7.106476e-09	1.303184e-01	4.188380e-01	2.501348e-01	9.840074e-02	8.000001e-02
62	-2.103324e+01	-2.103324e+01	-2.103328e+02	4.126550e-09	1.303027e-01	4.188603e-01	2.501327e-01	9.839969e-02	8.000000e-02
63	-2.103327e+01	-2.103327e+01	-2.103329e+02	2.044637e-09	1.302768e-01	4.188799e-01	2.501394e-01	9.840305e-02	8.000000e-02
64	-2.103329e+01	-2.103329e+01	-2.103330e+02	1.458420e-09	1.302886e-01	4.188600e-01	2.501429e-01	9.840478e-02	8.000000e-02
65	-2.103329e+01	-2.103329e+01	-2.103331e+02	1.385872e-09	1.302768e-01	4.188646e-01	2.501485e-01	9.840758e-02	8.000000e-02
66	-2.103330e+01	-2.103330e+01	-2.103332e+02	1.356014e-09	1.302851e-01	4.188483e-01	2.501523e-01	9.840948e-02	8.000000e-02
67	-2.103331e+01	-2.103331e+01	-2.103332e+02	1.391861e-09	1.302731e-01	4.188532e-01	2.501579e-01	9.841228e-02	8.000000e-02
68	-2.103331e+01	-2.103331e+01	-2.103333e+02	1.517873e-09	1.302865e-01	4.188316e-01	2.501612e-01	9.841394e-02	8.000000e-02
69	-2.103331e+01	-2.103331e+01	-2.103333e+02	1.856135e-09	1.302638e-01	4.188479e-01	2.501677e-01	9.841718e-02	8.000000e-02
70	-2.103329e+01		-2.103334e+02	4.452795e-09	1.303124e-01	4.187906e-01	2.501672e-01	9.841693e-02	8.000000e-02
71	-2.103331e+01		-2.103334e+02	2.891030e-09	1.303007e-01	4.188051e-01	2.501669e-01	9.841678e-02	8.000000e-02
72	-2.103331e+01		-2.103334e+02	2.567591e-09	1.302956e-01	4.188112e-01	2.501670e-01	9.841681e-02	8.000000e-02
73	-2.103331e+01		-2.103334e+02	2.430763e-09	1.302941e-01	4.188129e-01	2.501670e-01	9.841682e-02	8.000000e-02
74	-2.103331e+01		-2.103334e+02	2.396729e-09	1.302937e-01	4.188134e-01	2.501670e-01	9.841682e-02	8.000000e-02
75	-2.103331e+01		-2.103334e+02	2.387580e-09	1.302936e-01	4.188135e-01	2.501670e-01	9.841683e-02	8.000000e-02
76	-2.103331e+01		-2.103334e+02	2.385382e-09	1.302935e-01	4.188135e-01	2.501670e-01	9.841683e-02	8.000000e-02
77	-2.103331e+01		-2.103334e+02	2.384839e-09	1.302935e-01	4.188135e-01	2.501670e-01	9.841683e-02	8.000000e-02
78	-2.103331e+01		-2.103334e+02	2.384703e-09	1.302935e-01	4.188135e-01	2.501670e-01	9.841683e-02	8.000000e-02
79	-2.103331e+01		-2.103334e+02	2.384669e-09	1.302935e-01	4.188135e-01	2.501670e-01	9.841683e-02	8.000000e-02
80	-2.103331e+01		-2.103334e+02	2.384660e-09	1.302935e-01	4.188135e-01	2.501670e-01	9.841683e-02	8.000000e-02
