RTO_iter	merit	base_merit	cost	con	XFr_A	XFr_B	XFr_E	XFr_P	XFr_G
1	-7.752530e+00	-7.752530e+00	-7.752530e+01	-3.276256e-02	1.295174e-01	4.930493e-01	2.141127e-01	9.131054e-02	4.723744e-02
2	-8.834613e+00	-8.834613e+00	-8.834613e+01	-3.107377e-02	1.291236e-01	4.890642e-01	2.164426e-01	9.191257e-02	4.892623e-02
3	-1.089084e+01	-1.089084e+01	-1.089084e+02	-2.758953e-02	1.283612e-01	4.810923e-01	2.210350e-01	9.304733e-02	5.241047e-02
4	-1.456497e+01	-1.456497e+01	-1.456497e+02	-2.019548e-02	1.269247e-01	4.651660e-01	2.299434e-01	9.503684e-02	5.980452e-02
5	-2.011584e+01	-2.011584e+01	-2.011584e+02	-3.753719e-03	1.242317e-01	4.336758e-01	2.466097e-01	9.788941e-02	7.624628e-02
6	8.304981e+00		-2.078540e+02	1.454519e-03	1.555039e-01	3.923499e-01	2.475986e-01	9.664780e-02	8.145452e-02
7	-9.925974e+00		-2.101545e+02	5.544739e-04	1.423303e-01	4.067978e-01	2.486115e-01	9.745427e-02	8.055447e-02
8	-1.829271e+01		-2.105111e+02	1.379200e-04	1.320780e-01	4.179015e-01	2.494059e-01	9.799033e-02	8.013792e-02
9	-2.055168e+01	-2.055168e+01	-2.100989e+02	2.291017e-05	1.259725e-01	4.245871e-01	2.497967e-01	9.822406e-02	8.002291e-02
10	-2.034029e+01		-2.103058e+02	3.451459e-05	1.308644e-01	4.194290e-01	2.493870e-01	9.801535e-02	8.003451e-02
11	-2.084764e+01	-2.084764e+01	-2.102163e+02	8.699837e-06	1.284112e-01	4.220272e-01	2.495913e-01	9.812609e-02	8.000870e-02
12	-2.086012e+01	-2.086012e+01	-2.102578e+02	8.283221e-06	1.308355e-01	4.194601e-01	2.493959e-01	9.802853e-02	8.000828e-02
13	-2.096507e+01	-2.096507e+01	-2.102569e+02	3.030985e-06	1.292972e-01	4.209201e-01	2.496219e-01	9.814326e-02	8.000303e-02
14	-2.086445e+01		-2.102707e+02	8.131053e-06	1.317178e-01	4.183465e-01	2.494310e-01	9.804612e-02	8.000813e-02
15	-2.098909e+01	-2.098909e+01	-2.102710e+02	1.900748e-06	1.304556e-01	4.196765e-01	2.495387e-01	9.810206e-02	8.000190e-02
16	-2.102431e+01	-2.102431e+01	-2.102776e+02	1.727089e-07	1.300946e-01	4.199598e-01	2.496271e-01	9.814684e-02	8.000017e-02
17	-2.102867e+01	-2.102867e+01	-2.102967e+02	5.030979e-08	1.299329e-01	4.199264e-01	2.497619e-01	9.821429e-02	8.000005e-02
18	-2.043741e+01		-2.101933e+02	2.909624e-05	1.346526e-01	4.150987e-01	2.492702e-01	9.795874e-02	8.002910e-02
19	-2.086248e+01		-2.102829e+02	8.290222e-06	1.324060e-01	4.173183e-01	2.495528e-01	9.810695e-02	8.000829e-02
20	-2.099813e+01		-2.103034e+02	1.610705e-06	1.309975e-01	4.187601e-01	2.496983e-01	9.818196e-02	8.000161e-02
21	-2.102293e+01		-2.103021e+02	3.640506e-07	1.304236e-01	4.193819e-01	2.497368e-01	9.820164e-02	8.000036e-02
22	-2.102787e+01		-2.102998e+02	1.056979e-07	1.301739e-01	4.196580e-01	2.497503e-01	9.820843e-02	8.000011e-02
23	-2.102903e+01	-2.102903e+01	-2.102984e+02	4.067619e-08	1.300564e-01	4.197886e-01	2.497561e-01	9.821135e-02	8.000004e-02
24	-2.102928e+01	-2.102928e+01	-2.102998e+02	3.529254e-08	1.301622e-01	4.196680e-01	2.497526e-01	9.820963e-02	8.000004e-02
25	-2.102953e+01	-2.102953e+01	-2.103011e+02	2.921459e-08	1.302440e-01	4.195710e-01	2.497521e-01	9.820940e-02	8.000003e-02
26	-2.102974e+01	-2.102974e+01	-2.103023e+02	2.428680e-08	1.302999e-01	4.195001e-01	2.497546e-01	9.821062e-02	8.000002e-02
27	-2.102991e+01	-2.102991e+01	-2.103034e+02	2.151648e-08	1.303341e-01	4.194513e-01	2.497593e-01	9.821296e-02	8.000002e-02
28	-2.103005e+01	-2.103005e+01	-2.103045e+02	2.032837e-08	1.303536e-01	4.194177e-01	2.497654e-01	9.821603e-02	8.000002e-02
29	-2.103016e+01	-2.103016e+01	-2.103056e+02	1.988325e-08	1.303639e-01	4.193936e-01	2.497724e-01	9.821953e-02	8.000002e-02
30	-2.103027e+01	-2.103027e+01	-2.103067e+02	1.972460e-08	1.303688e-01	4.193751e-01	2.497799e-01	9.822329e-02	8.000002e-02
31	-2.103038e+01	-2.103038e+01	-2.103077e+02	1.966860e-08	1.303705e-01	4.193599e-01	2.497877e-01	9.822719e-02	8.000002e-02
32	-2.103047e+01	-2.103047e+01	-2.103096e+02	2.442586e-08	1.303494e-01	4.193561e-01	2.498050e-01	9.823580e-02	8.000002e-02
33	-2.103066e+01	-2.103066e+01	-2.103115e+02	2.420553e-08	1.303430e-01	4.193370e-01	2.498209e-01	9.824377e-02	8.000002e-02
34	-2.103082e+01	-2.103082e+01	-2.103148e+02	3.293260e-08	1.302444e-01	4.193893e-01	2.498599e-01	9.826325e-02	8.000003e-02
35	-2.103101e+01	-2.103101e+01	-2.103181e+02	3.978835e-08	1.303344e-01	4.192444e-01	2.498819e-01	9.827429e-02	8.000004e-02
36	-2.103123e+01	-2.103123e+01	-2.103207e+02	4.179633e-08	1.302022e-01	4.193322e-01	2.499237e-01	9.829518e-02	8.000004e-02
37	-2.103060e+01		-2.103234e+02	8.706018e-08	1.304054e-01	4.190714e-01	2.499343e-01	9.830048e-02	8.000009e-02
38	-2.103109e+01		-2.103221e+02	5.613128e-08	1.303494e-01	4.191556e-01	2.499241e-01	9.829537e-02	8.000006e-02
39	-2.103156e+01	-2.103156e+01	-2.103214e+02	2.927782e-08	1.302844e-01	4.192347e-01	2.499232e-01	9.829493e-02	8.000003e-02
40	-2.103180e+01	-2.103180e+01	-2.103221e+02	2.033607e-08	1.303184e-01	4.191861e-01	2.499280e-01	9.829731e-02	8.000002e-02
41	-2.103190e+01	-2.103190e+01	-2.103228e+02	1.869748e-08	1.303277e-01	4.191630e-01	2.499351e-01	9.830088e-02	8.000002e-02
42	-2.103197e+01	-2.103197e+01	-2.103234e+02	1.850951e-08	1.303288e-01	4.191483e-01	2.499430e-01	9.830483e-02	8.000002e-02
43	-2.103204e+01	-2.103204e+01	-2.103241e+02	1.848767e-08	1.303274e-01	4.191363e-01	2.499511e-01	9.830890e-02	8.000002e-02
44	-2.103210e+01	-2.103210e+01	-2.103247e+02	1.848469e-08	1.303253e-01	4.191250e-01	2.499593e-01	9.831300e-02	8.000002e-02
45	-2.103216e+01	-2.103216e+01	-2.103253e+02	1.848435e-08	1.303230e-01	4.191140e-01	2.499676e-01	9.831711e-02	8.000002e-02
46	-2.103221e+01	-2.103221e+01	-2.103258e+02	1.848449e-08	1.303206e-01	4.191030e-01	2.499758e-01	9.832123e-02	8.000002e-02
47	-2.103227e+01	-2.103227e+01	-2.103264e+02	1.848477e-08	1.303182e-01	4.190920e-01	2.499840e-01	9.832534e-02	8.000002e-02
48	-2.103232e+01	-2.103232e+01	-2.103269e+02	1.848507e-08	1.303158e-01	4.190810e-01	2.499923e-01	9.832946e-02	8.000002e-02
49	-2.103237e+01	-2.103237e+01	-2.103274e+02	1.848540e-08	1.303134e-01	4.190700e-01	2.500005e-01	9.833358e-02	8.000002e-02
50	-2.103242e+01	-2.103242e+01	-2.103279e+02	1.848570e-08	1.303111e-01	4.190589e-01	2.500087e-01	9.833770e-02	8.000002e-02
51	-2.103247e+01	-2.103247e+01	-2.103284e+02	1.848595e-08	1.303087e-01	4.190479e-01	2.500170e-01	9.834182e-02	8.000002e-02
52	-2.103251e+01	-2.103251e+01	-2.103288e+02	1.848628e-08	1.303063e-01	4.190369e-01	2.500252e-01	9.834594e-02	8.000002e-02
53	-2.103255e+01	-2.103255e+01	-2.103292e+02	1.848662e-08	1.303039e-01	4.190259e-01	2.500335e-01	9.835007e-02	8.000002e-02
54	-2.103260e+01	-2.103260e+01	-2.103297e+02	1.848690e-08	1.303015e-01	4.190149e-01	2.500417e-01	9.835419e-02	8.000002e-02
55	-2.103263e+01	-2.103263e+01	-2.103300e+02	1.848721e-08	1.302991e-01	4.190038e-01	2.500500e-01	9.835832e-02	8.000002e-02
56	-2.103267e+01	-2.103267e+01	-2.103304e+02	1.848753e-08	1.302967e-01	4.189928e-01	2.500582e-01	9.836245e-02	8.000002e-02
57	-2.103271e+01	-2.103271e+01	-2.103308e+02	1.848780e-08	1.302943e-01	4.189818e-01	2.500665e-01	9.836658e-02	8.000002e-02
58	-2.103274e+01	-2.103274e+01	-2.103311e+02	1.848813e-08	1.302919e-01	4.189707e-01	2.500748e-01	9.837071e-02	8.000002e-02
59	-2.103275e+01	-2.103275e+01	-2.103314e+02	1.969544e-08	1.302895e-01	4.189597e-01	2.500830e-01	9.837484e-02	8.000002e-02
60	-2.103275e+01	-2.103275e+01	-2.103317e+02	2.073022e-08	1.302871e-01	4.189486e-01	2.500913e-01	9.837897e-02	8.000002e-02
61	-2.103280e+01	-2.103280e+01	-2.103319e+02	1.968814e-08	1.302847e-01	4.189376e-01	2.500996e-01	9.838311e-02	8.000002e-02
62	-2.103280e+01	-2.103280e+01	-2.103322e+02	2.080886e-08	1.302823e-01	4.189265e-01	2.501078e-01	9.838724e-02	8.000002e-02
63	-2.103279e+01		-2.103324e+02	2.263217e-08	1.302799e-01	4.189154e-01	2.501161e-01	9.839138e-02	8.000002e-02
64	-2.103284e+01	-2.103284e+01	-2.103323e+02	1.962327e-08	1.302939e-01	4.189068e-01	2.501113e-01	9.838898e-02	8.000002e-02
65	-2.103288e+01	-2.103288e+01	-2.103324e+02	1.806019e-08	1.302902e-01	4.189030e-01	2.501162e-01	9.839142e-02	8.000002e-02
66	-2.103279e+01		-2.103326e+02	2.333108e-08	1.302894e-01	4.188962e-01	2.501208e-01	9.839374e-02	8.000002e-02
67	-2.103283e+01		-2.103325e+02	2.114088e-08	1.302936e-01	4.188942e-01	2.501190e-01	9.839283e-02	8.000002e-02
68	-2.103289e+01	-2.103289e+01	-2.103325e+02	1.806512e-08	1.302941e-01	4.188945e-01	2.501185e-01	9.839256e-02	8.000002e-02
69	-2.103280e+01		-2.103326e+02	2.317341e-08	1.302947e-01	4.188895e-01	2.501211e-01	9.839386e-02	8.000002e-02
70	-2.103280e+01		-2.103326e+02	2.316199e-08	1.302949e-01	4.188894e-01	2.501209e-01	9.839378e-02	8.000002e-02
71	-2.103280e+01		-2.103326e+02	2.315915e-08	1.302950e-01	4.188894e-01	2.501209e-01	9.839376e-02	8.000002e-02
72	-2.103280e+01		-2.103326e+02	2.315847e-08	1.302950e-01	4.188894e-01	2.501209e-01	9.839375e-02	8.000002e-02
73	-2.103280e+01		-2.103326e+02	2.315831e-08	1.302950e-01	4.188894e-01	2.501209e-01	9.839375e-02	8.000002e-02
74	-2.103280e+01		-2.103326e+02	2.315826e-08	1.302950e-01	4.188894e-01	2.501209e-01	9.839375e-02	8.000002e-02
75	-2.103280e+01		-2.103326e+02	2.315825e-08	1.302950e-01	4.188894e-01	2.501209e-01	9.839375e-02	8.000002e-02
76	-2.103280e+01		-2.103326e+02	2.315825e-08	1.302950e-01	4.188894e-01	2.501209e-01	9.839375e-02	8.000002e-02
77	-2.103280e+01		-2.103326e+02	2.315825e-08	1.302950e-01	4.188894e-01	2.501209e-01	9.839375e-02	8.000002e-02
78	-2.103280e+01		-2.103326e+02	2.315825e-08	1.302950e-01	4.188894e-01	2.501209e-01	9.839375e-02	8.000002e-02
79	-2.103280e+01		-2.103326e+02	2.315825e-08	1.302950e-01	4.188894e-01	2.501209e-01	9.839375e-02	8.000002e-02
80	-2.103280e+01		-2.103326e+02	2.315825e-08	1.302950e-01	4.188894e-01	2.501209e-01	9.839375e-02	8.000002e-02
