RTO_iter	merit	base_merit	cost	con	XFr_A	XFr_B	XFr_E	XFr_P	XFr_G
1	-7.752530e+00	-7.752530e+00	-7.752530e+01	-3.276256e-02	1.295174e-01	4.930493e-01	2.141127e-01	9.131054e-02	4.723744e-02
2	-8.834613e+00	-8.834613e+00	-8.834613e+01	-3.107377e-02	1.291236e-01	4.890642e-01	2.164426e-01	9.191257e-02	4.892623e-02
3	-1.089084e+01	-1.089084e+01	-1.089084e+02	-2.758953e-02	1.283612e-01	4.810923e-01	2.210350e-01	9.304733e-02	5.241047e-02
4	-1.456497e+01	-1.456497e+01	-1.456497e+02	-2.019548e-02	1.269247e-01	4.651660e-01	2.299434e-01	9.503684e-02	5.980452e-02
5	-2.011584e+01	-2.011584e+01	-2.011584e+02	-3.753719e-03	1.242317e-01	4.336758e-01	2.466097e-01	9.788941e-02	7.624628e-02
6	-2.049450e+01	-2.049450e+01	-2.078540e+02	1.454519e-03	1.555039e-01	3.923499e-01	2.475986e-01	9.664780e-02	8.145452e-02
7	-2.090809e+01	-2.090809e+01	-2.097304e+02	3.247439e-04	1.185291e-01	4.311932e-01	2.510731e-01	9.876166e-02	8.032474e-02
8	-2.048605e+01		-2.086840e+02	1.911772e-03	1.555071e-01	3.914815e-01	2.479936e-01	9.669286e-02	8.191177e-02
9	-2.098256e+01	-2.098256e+01	-2.109538e+02	5.641084e-04	1.378951e-01	4.107318e-01	2.494212e-01	9.785592e-02	8.056411e-02
10	-2.092132e+01		-2.101382e+02	4.625066e-04	1.190111e-01	4.302369e-01	2.512646e-01	9.881148e-02	8.046251e-02
11	-2.102744e+01	-2.102744e+01	-2.105146e+02	1.201237e-04	1.282239e-01	4.214107e-01	2.500622e-01	9.832438e-02	8.012012e-02
12	-2.098487e+01		-2.100770e+02	1.141653e-04	1.375879e-01	4.119939e-01	2.490070e-01	9.779880e-02	8.011417e-02
13	-2.102377e+01		-2.103022e+02	3.226360e-05	1.331455e-01	4.165073e-01	2.495030e-01	9.807410e-02	8.003226e-02
14	-2.103051e+01	-2.103051e+01	-2.103217e+02	8.342891e-06	1.307245e-01	4.190053e-01	2.497448e-01	9.820295e-02	8.000834e-02
15	-2.102971e+01		-2.103055e+02	4.201428e-06	1.289200e-01	4.207588e-01	2.499856e-01	9.832475e-02	8.000420e-02
16	-2.103083e+01	-2.103083e+01	-2.103103e+02	1.009056e-06	1.298462e-01	4.198637e-01	2.498605e-01	9.826327e-02	8.000101e-02
17	-2.103092e+01	-2.103092e+01	-2.103132e+02	1.980787e-06	1.310394e-01	4.185876e-01	2.497709e-01	9.821815e-02	8.000198e-02
18	-2.103149e+01	-2.103149e+01	-2.103179e+02	1.510700e-06	1.299679e-01	4.196540e-01	2.498986e-01	9.828212e-02	8.000151e-02
19	-2.103125e+01		-2.103165e+02	1.991582e-06	1.311672e-01	4.183740e-01	2.498070e-01	9.823617e-02	8.000199e-02
20	-2.103176e+01	-2.103176e+01	-2.103185e+02	4.356819e-07	1.305131e-01	4.190617e-01	2.498635e-01	9.826495e-02	8.000044e-02
21	-2.103197e+01	-2.103197e+01	-2.103201e+02	1.860738e-07	1.301512e-01	4.193978e-01	2.499209e-01	9.829371e-02	8.000019e-02
22	-2.103221e+01	-2.103221e+01	-2.103225e+02	2.202778e-07	1.305212e-01	4.189702e-01	2.499122e-01	9.828934e-02	8.000022e-02
23	-2.103237e+01	-2.103237e+01	-2.103241e+02	2.310918e-07	1.301127e-01	4.193574e-01	2.499722e-01	9.831938e-02	8.000023e-02
24	-2.103248e+01	-2.103248e+01	-2.103256e+02	3.909382e-07	1.306275e-01	4.187905e-01	2.499433e-01	9.830485e-02	8.000039e-02
25	-2.103263e+01	-2.103263e+01	-2.103270e+02	3.436109e-07	1.301266e-01	4.192822e-01	2.500070e-01	9.833673e-02	8.000034e-02
26	-2.103267e+01	-2.103267e+01	-2.103275e+02	4.380111e-07	1.306762e-01	4.186837e-01	2.499722e-01	9.831926e-02	8.000044e-02
27	-2.103283e+01	-2.103283e+01	-2.103291e+02	3.962187e-07	1.301380e-01	4.192187e-01	2.500367e-01	9.835154e-02	8.000040e-02
28	-2.103279e+01		-2.103288e+02	4.869472e-07	1.307222e-01	4.185901e-01	2.499951e-01	9.833072e-02	8.000049e-02
29	-2.103290e+01	-2.103290e+01	-2.103292e+02	1.180353e-07	1.303992e-01	4.189318e-01	2.500216e-01	9.834411e-02	8.000012e-02
30	-2.103296e+01	-2.103296e+01	-2.103297e+02	6.100004e-08	1.302221e-01	4.190950e-01	2.500505e-01	9.835854e-02	8.000006e-02
31	-2.103303e+01	-2.103303e+01	-2.103304e+02	5.793198e-08	1.303786e-01	4.189091e-01	2.500498e-01	9.835822e-02	8.000006e-02
32	-2.103304e+01	-2.103304e+01	-2.103308e+02	2.141757e-07	1.299856e-01	4.192786e-01	2.501094e-01	9.838797e-02	8.000021e-02
33	-2.103306e+01	-2.103306e+01	-2.103317e+02	5.484533e-07	1.306143e-01	4.186197e-01	2.500541e-01	9.836019e-02	8.000055e-02
34	-2.103313e+01	-2.103313e+01	-2.103322e+02	4.305354e-07	1.300533e-01	4.191819e-01	2.501188e-01	9.839257e-02	8.000043e-02
35	-2.103307e+01		-2.103318e+02	5.463617e-07	1.306830e-01	4.185247e-01	2.500617e-01	9.836401e-02	8.000055e-02
36	-2.103319e+01	-2.103319e+01	-2.103322e+02	1.474563e-07	1.303658e-01	4.188514e-01	2.500931e-01	9.837984e-02	8.000015e-02
37	-2.103321e+01	-2.103321e+01	-2.103322e+02	7.053775e-08	1.301602e-01	4.190462e-01	2.501235e-01	9.839506e-02	8.000007e-02
38	-2.103322e+01	-2.103322e+01	-2.103325e+02	1.452611e-07	1.304695e-01	4.187172e-01	2.500992e-01	9.838286e-02	8.000015e-02
39	-2.103325e+01	-2.103325e+01	-2.103327e+02	1.196316e-07	1.301945e-01	4.189911e-01	2.501319e-01	9.839923e-02	8.000012e-02
40	-2.103323e+01		-2.103326e+02	1.495011e-07	1.305052e-01	4.186612e-01	2.501071e-01	9.838681e-02	8.000015e-02
41	-2.103327e+01	-2.103327e+01	-2.103328e+02	4.921689e-08	1.303434e-01	4.188299e-01	2.501218e-01	9.839421e-02	8.000005e-02
42	-2.103328e+01	-2.103328e+01	-2.103328e+02	3.439198e-08	1.302399e-01	4.189274e-01	2.501374e-01	9.840203e-02	8.000003e-02
43	-2.103329e+01	-2.103329e+01	-2.103330e+02	3.999439e-08	1.303598e-01	4.187930e-01	2.501321e-01	9.839938e-02	8.000004e-02
44	-2.103330e+01	-2.103330e+01	-2.103331e+02	3.925623e-08	1.302365e-01	4.189126e-01	2.501486e-01	9.840764e-02	8.000004e-02
45	-2.103330e+01	-2.103330e+01	-2.103331e+02	4.777564e-08	1.303783e-01	4.187577e-01	2.501399e-01	9.840328e-02	8.000005e-02
46	-2.103331e+01	-2.103331e+01	-2.103332e+02	4.497880e-08	1.302407e-01	4.188937e-01	2.501569e-01	9.841175e-02	8.000004e-02
47	-2.103331e+01		-2.103332e+02	5.074025e-08	1.303907e-01	4.187315e-01	2.501466e-01	9.840663e-02	8.000005e-02
48	-2.103332e+01	-2.103332e+01	-2.103332e+02	2.574054e-08	1.303172e-01	4.188096e-01	2.501525e-01	9.840959e-02	8.000003e-02
49	-2.103332e+01	-2.103332e+01	-2.103333e+02	2.213301e-08	1.302609e-01	4.188621e-01	2.501613e-01	9.841396e-02	8.000002e-02
50	-2.103333e+01	-2.103333e+01	-2.103334e+02	2.698831e-08	1.303129e-01	4.188015e-01	2.501603e-01	9.841350e-02	8.000003e-02
51	-2.103333e+01	-2.103333e+01	-2.103334e+02	2.250154e-08	1.302543e-01	4.188567e-01	2.501692e-01	9.841793e-02	8.000002e-02
52	-2.103334e+01	-2.103334e+01	-2.103334e+02	2.718389e-08	1.303308e-01	4.187725e-01	2.501649e-01	9.841578e-02	8.000003e-02
53	-2.103334e+01	-2.103334e+01	-2.103334e+02	3.056270e-08	1.302566e-01	4.188452e-01	2.501744e-01	9.842053e-02	8.000003e-02
54	-2.103334e+01	-2.103334e+01	-2.103335e+02	2.786667e-08	1.303380e-01	4.187565e-01	2.501693e-01	9.841795e-02	8.000003e-02
55	-2.103334e+01	-2.103334e+01	-2.103335e+02	2.792005e-08	1.302582e-01	4.188358e-01	2.501789e-01	9.842275e-02	8.000003e-02
56	-2.103334e+01		-2.103335e+02	2.893146e-08	1.303450e-01	4.187424e-01	2.501727e-01	9.841967e-02	8.000003e-02
57	-2.103334e+01	-2.103334e+01	-2.103335e+02	2.320306e-08	1.303129e-01	4.187760e-01	2.501755e-01	9.842109e-02	8.000002e-02
58	-2.103335e+01	-2.103335e+01	-2.103335e+02	2.260095e-08	1.302640e-01	4.188236e-01	2.501820e-01	9.842431e-02	8.000002e-02
59	-2.103335e+01	-2.103335e+01	-2.103335e+02	2.125095e-08	1.303167e-01	4.187657e-01	2.501790e-01	9.842280e-02	8.000002e-02
60	-2.103335e+01	-2.103335e+01	-2.103335e+02	2.146515e-08	1.302638e-01	4.188179e-01	2.501855e-01	9.842608e-02	8.000002e-02
61	-2.103335e+01		-2.103335e+02	2.199967e-08	1.303222e-01	4.187548e-01	2.501815e-01	9.842407e-02	8.000002e-02
62	-2.103335e+01	-2.103335e+01	-2.103335e+02	2.061142e-08	1.303114e-01	4.187662e-01	2.501825e-01	9.842455e-02	8.000002e-02
63	-2.103335e+01	-2.103335e+01	-2.103335e+02	2.038940e-08	1.302666e-01	4.188104e-01	2.501880e-01	9.842732e-02	8.000002e-02
64	-2.103335e+01	-2.103335e+01	-2.103335e+02	2.061314e-08	1.303153e-01	4.187576e-01	2.501847e-01	9.842569e-02	8.000002e-02
65	-2.103335e+01	-2.103335e+01	-2.103335e+02	2.072130e-08	1.302679e-01	4.188049e-01	2.501903e-01	9.842848e-02	8.000002e-02
66	-2.103335e+01		-2.103335e+02	2.088937e-08	1.303191e-01	4.187501e-01	2.501865e-01	9.842659e-02	8.000002e-02
67	-2.103335e+01		-2.103335e+02	2.060244e-08	1.303158e-01	4.187534e-01	2.501869e-01	9.842675e-02	8.000002e-02
68	-2.103335e+01		-2.103335e+02	2.050064e-08	1.303150e-01	4.187542e-01	2.501869e-01	9.842679e-02	8.000002e-02
69	-2.103335e+01		-2.103335e+02	2.047541e-08	1.303148e-01	4.187545e-01	2.501870e-01	9.842680e-02	8.000002e-02
70	-2.103335e+01		-2.103335e+02	2.046894e-08	1.303148e-01	4.187545e-01	2.501870e-01	9.842681e-02	8.000002e-02
71	-2.103335e+01		-2.103335e+02	2.046735e-08	1.303147e-01	4.187545e-01	2.501870e-01	9.842681e-02	8.000002e-02
72	-2.103335e+01		-2.103335e+02	2.046695e-08	1.303147e-01	4.187545e-01	2.501870e-01	9.842681e-02	8.000002e-02
73	-2.103335e+01		-2.103335e+02	2.046685e-08	1.303147e-01	4.187545e-01	2.501870e-01	9.842681e-02	8.000002e-02
74	-2.103335e+01		-2.103335e+02	2.046683e-08	1.303147e-01	4.187545e-01	2.501870e-01	9.842681e-02	8.000002e-02
75	-2.103335e+01		-2.103335e+02	2.046682e-08	1.303147e-01	4.187545e-01	2.501870e-01	9.842681e-02	8.000002e-02
76	-2.103335e+01		-2.103335e+02	2.046682e-08	1.303147e-01	4.187545e-01	2.501870e-01	9.842681e-02	8.000002e-02
77	-2.103335e+01		-2.103335e+02	2.046682e-08	1.303147e-01	4.187545e-01	2.501870e-01	9.842681e-02	8.000002e-02
78	-2.103335e+01		-2.103335e+02	2.046682e-08	1.303147e-01	4.187545e-01	2.501870e-01	9.842681e-02	8.000002e-02
79	-2.103335e+01		-2.103335e+02	2.046682e-08	1.303147e-01	4.187545e-01	2.501870e-01	9.842681e-02	8.000002e-02
80	-2.103335e+01		-2.103335e+02	2.046682e-08	1.303147e-01	4.187545e-01	2.501870e-01	9.842681e-02	8.000002e-02
