RTO_iter	merit	base_merit	cost	con	XFr_A	XFr_B	XFr_E	XFr_P	XFr_G
1	-7.752530e+00	-7.752530e+00	-7.752530e+01	-3.276256e-02	1.295174e-01	4.930493e-01	2.141127e-01	9.131054e-02	4.723744e-02
2	-8.834613e+00	-8.834613e+00	-8.834613e+01	-3.107377e-02	1.291236e-01	4.890642e-01	2.164426e-01	9.191257e-02	4.892623e-02
3	-1.089084e+01	-1.089084e+01	-1.089084e+02	-2.758953e-02	1.283612e-01	4.810923e-01	2.210350e-01	9.304733e-02	5.241047e-02
4	-1.456497e+01	-1.456497e+01	-1.456497e+02	-2.019548e-02	1.269247e-01	4.651660e-01	2.299434e-01	9.503684e-02	5.980452e-02
5	-2.011584e+01	-2.011584e+01	-2.011584e+02	-3.753719e-03	1.242317e-01	4.336758e-01	2.466097e-01	9.788941e-02	7.624628e-02
6	-2.005814e+01		-2.078540e+02	1.454519e-03	1.555039e-01	3.923499e-01	2.475986e-01	9.664780e-02	8.145452e-02
7	-2.073821e+01	-2.073821e+01	-2.101545e+02	5.544739e-04	1.423303e-01	4.067978e-01	2.486115e-01	9.745427e-02	8.055447e-02
8	-2.085229e+01	-2.085229e+01	-2.107350e+02	4.424312e-04	1.231934e-01	4.264576e-01	2.505472e-01	9.845944e-02	8.044243e-02
9	-2.075866e+01		-2.100622e+02	4.951136e-04	1.421672e-01	4.071218e-01	2.485507e-01	9.744365e-02	8.049511e-02
10	-2.098071e+01	-2.098071e+01	-2.104894e+02	1.364691e-04	1.329889e-01	4.168413e-01	2.493892e-01	9.798247e-02	8.013647e-02
11	-2.096515e+01		-2.101689e+02	1.034732e-04	1.241611e-01	4.258060e-01	2.503381e-01	9.846790e-02	8.010347e-02
12	-2.101624e+01	-2.101624e+01	-2.103006e+02	2.764815e-05	1.284226e-01	4.216565e-01	2.497989e-01	9.822356e-02	8.002765e-02
13	-2.101058e+01		-2.102705e+02	3.293813e-05	1.333435e-01	4.165548e-01	2.493344e-01	9.798957e-02	8.003294e-02
14	-2.102542e+01	-2.102542e+01	-2.102963e+02	8.424781e-06	1.308889e-01	4.190976e-01	2.495733e-01	9.811717e-02	8.000842e-02
15	-2.102677e+01	-2.102677e+01	-2.102881e+02	4.087855e-06	1.291099e-01	4.208236e-01	2.498121e-01	9.823803e-02	8.000409e-02
16	-2.102593e+01		-2.103014e+02	8.409793e-06	1.315843e-01	4.182217e-01	2.495997e-01	9.813039e-02	8.000841e-02
17	-2.102904e+01	-2.102904e+01	-2.103008e+02	2.072014e-06	1.303254e-01	4.195362e-01	2.497145e-01	9.818987e-02	8.000207e-02
18	-2.103036e+01	-2.103036e+01	-2.103042e+02	1.066491e-07	1.300489e-01	4.197293e-01	2.497967e-01	9.823163e-02	8.000011e-02
19	-2.102415e+01		-2.102830e+02	8.310185e-06	1.325348e-01	4.171241e-01	2.495766e-01	9.811886e-02	8.000831e-02
20	-2.103036e+01		-2.103098e+02	1.246432e-06	1.309749e-01	4.186930e-01	2.497544e-01	9.821012e-02	8.000125e-02
21	-2.103070e+01	-2.103070e+01	-2.103084e+02	2.911874e-07	1.304812e-01	4.192407e-01	2.497798e-01	9.822315e-02	8.000029e-02
22	-2.103107e+01	-2.103107e+01	-2.103113e+02	1.075498e-07	1.302160e-01	4.194715e-01	2.498311e-01	9.824886e-02	8.000011e-02
23	-2.103144e+01	-2.103144e+01	-2.103148e+02	7.012853e-08	1.303836e-01	4.192472e-01	2.498453e-01	9.825598e-02	8.000007e-02
24	-2.103162e+01	-2.103162e+01	-2.103183e+02	4.154633e-07	1.298144e-01	4.197499e-01	2.499509e-01	9.830865e-02	8.000042e-02
25	-2.103105e+01		-2.103210e+02	2.103419e-06	1.310517e-01	4.184421e-01	2.498486e-01	9.825691e-02	8.000210e-02
26	-2.103194e+01	-2.103194e+01	-2.103220e+02	5.099917e-07	1.304101e-01	4.191119e-01	2.499068e-01	9.828658e-02	8.000051e-02
27	-2.103225e+01	-2.103225e+01	-2.103230e+02	1.166418e-07	1.301285e-01	4.193606e-01	2.499592e-01	9.831289e-02	8.000012e-02
28	-2.103233e+01	-2.103233e+01	-2.103249e+02	3.359095e-07	1.306008e-01	4.188335e-01	2.499368e-01	9.830162e-02	8.000034e-02
29	-2.103248e+01	-2.103248e+01	-2.103264e+02	3.191104e-07	1.301183e-01	4.193040e-01	2.500000e-01	9.833322e-02	8.000032e-02
30	-2.103250e+01	-2.103250e+01	-2.103271e+02	4.349475e-07	1.306656e-01	4.187076e-01	2.499656e-01	9.831596e-02	8.000043e-02
31	-2.103267e+01	-2.103267e+01	-2.103286e+02	3.852917e-07	1.301349e-01	4.192337e-01	2.500300e-01	9.834818e-02	8.000039e-02
32	-2.103262e+01		-2.103286e+02	4.763478e-07	1.307116e-01	4.186114e-01	2.499899e-01	9.832814e-02	8.000048e-02
33	-2.103283e+01	-2.103283e+01	-2.103289e+02	1.164409e-07	1.303937e-01	4.189490e-01	2.500153e-01	9.834095e-02	8.000012e-02
34	-2.103291e+01	-2.103291e+01	-2.103294e+02	5.635593e-08	1.302269e-01	4.191010e-01	2.500435e-01	9.835507e-02	8.000006e-02
35	-2.103299e+01	-2.103299e+01	-2.103301e+02	5.101054e-08	1.303664e-01	4.189321e-01	2.500448e-01	9.835573e-02	8.000005e-02
36	-2.103304e+01	-2.103304e+01	-2.103306e+02	5.399078e-08	1.302051e-01	4.190779e-01	2.500728e-01	9.836970e-02	8.000005e-02
37	-2.103307e+01	-2.103307e+01	-2.103312e+02	8.742285e-08	1.304286e-01	4.188260e-01	2.500636e-01	9.836510e-02	8.000009e-02
38	-2.103311e+01	-2.103311e+01	-2.103316e+02	9.094525e-08	1.301963e-01	4.190506e-01	2.500952e-01	9.838091e-02	8.000009e-02
39	-2.103312e+01	-2.103312e+01	-2.103318e+02	1.215718e-07	1.304668e-01	4.187546e-01	2.500789e-01	9.837274e-02	8.000012e-02
40	-2.103316e+01	-2.103316e+01	-2.103322e+02	1.063945e-07	1.302042e-01	4.190138e-01	2.501114e-01	9.838901e-02	8.000011e-02
41	-2.103316e+01		-2.103322e+02	1.329234e-07	1.304909e-01	4.187034e-01	2.500922e-01	9.837939e-02	8.000013e-02
42	-2.103321e+01	-2.103321e+01	-2.103323e+02	4.364563e-08	1.303374e-01	4.188669e-01	2.501041e-01	9.838535e-02	8.000004e-02
43	-2.103323e+01	-2.103323e+01	-2.103324e+02	2.953444e-08	1.302536e-01	4.189428e-01	2.501186e-01	9.839262e-02	8.000003e-02
44	-2.103325e+01	-2.103325e+01	-2.103326e+02	2.739672e-08	1.303209e-01	4.188602e-01	2.501198e-01	9.839325e-02	8.000003e-02
45	-2.103325e+01		-2.103328e+02	6.090585e-08	1.301422e-01	4.190249e-01	2.501489e-01	9.840777e-02	8.000006e-02
46	-2.103326e+01	-2.103326e+01	-2.103328e+02	2.777207e-08	1.302428e-01	4.189297e-01	2.501340e-01	9.840034e-02	8.000003e-02
47	-2.103327e+01	-2.103327e+01	-2.103329e+02	3.666207e-08	1.303516e-01	4.188059e-01	2.501302e-01	9.839844e-02	8.000004e-02
48	-2.103328e+01	-2.103328e+01	-2.103330e+02	3.706449e-08	1.302351e-01	4.189179e-01	2.501465e-01	9.840657e-02	8.000004e-02
49	-2.103329e+01	-2.103329e+01	-2.103331e+02	4.684056e-08	1.303754e-01	4.187643e-01	2.501381e-01	9.840234e-02	8.000005e-02
50	-2.103330e+01	-2.103330e+01	-2.103332e+02	4.409438e-08	1.302401e-01	4.188977e-01	2.501549e-01	9.841078e-02	8.000004e-02
51	-2.103330e+01		-2.103332e+02	4.927011e-08	1.303877e-01	4.187376e-01	2.501452e-01	9.840590e-02	8.000005e-02
52	-2.103331e+01	-2.103331e+01	-2.103332e+02	2.556630e-08	1.303157e-01	4.188144e-01	2.501508e-01	9.840870e-02	8.000003e-02
53	-2.103332e+01	-2.103332e+01	-2.103333e+02	2.173428e-08	1.302621e-01	4.188639e-01	2.501593e-01	9.841299e-02	8.000002e-02
54	-2.103332e+01	-2.103332e+01	-2.103333e+02	2.634839e-08	1.303092e-01	4.188082e-01	2.501590e-01	9.841283e-02	8.000003e-02
55	-2.103332e+01	-2.103332e+01	-2.103334e+02	2.179094e-08	1.302553e-01	4.188582e-01	2.501676e-01	9.841714e-02	8.000002e-02
56	-2.103333e+01	-2.103333e+01	-2.103334e+02	2.651083e-08	1.303282e-01	4.187773e-01	2.501639e-01	9.841526e-02	8.000003e-02
57	-2.103333e+01	-2.103333e+01	-2.103334e+02	3.016381e-08	1.302560e-01	4.188477e-01	2.501733e-01	9.841998e-02	8.000003e-02
58	-2.103333e+01	-2.103333e+01	-2.103334e+02	2.765913e-08	1.303364e-01	4.187600e-01	2.501684e-01	9.841750e-02	8.000003e-02
59	-2.103333e+01	-2.103333e+01	-2.103335e+02	2.767921e-08	1.302577e-01	4.188379e-01	2.501779e-01	9.842230e-02	8.000003e-02
60	-2.103333e+01		-2.103335e+02	2.874099e-08	1.303435e-01	4.187454e-01	2.501720e-01	9.841931e-02	8.000003e-02
61	-2.103334e+01	-2.103334e+01	-2.103335e+02	2.313842e-08	1.303118e-01	4.187786e-01	2.501747e-01	9.842067e-02	8.000002e-02
62	-2.103334e+01	-2.103334e+01	-2.103335e+02	2.244895e-08	1.302641e-01	4.188249e-01	2.501811e-01	9.842387e-02	8.000002e-02
63	-2.103334e+01	-2.103334e+01	-2.103335e+02	2.104222e-08	1.303152e-01	4.187685e-01	2.501783e-01	9.842250e-02	8.000002e-02
64	-2.103334e+01	-2.103334e+01	-2.103335e+02	2.131601e-08	1.302633e-01	4.188195e-01	2.501849e-01	9.842576e-02	8.000002e-02
65	-2.103334e+01		-2.103335e+02	2.193071e-08	1.303212e-01	4.187569e-01	2.501810e-01	9.842380e-02	8.000002e-02
66	-2.103334e+01	-2.103334e+01	-2.103335e+02	2.057181e-08	1.303105e-01	4.187681e-01	2.501819e-01	9.842427e-02	8.000002e-02
67	-2.103334e+01	-2.103334e+01	-2.103335e+02	2.030442e-08	1.302665e-01	4.188115e-01	2.501874e-01	9.842703e-02	8.000002e-02
68	-2.103334e+01	-2.103334e+01	-2.103335e+02	2.052932e-08	1.303144e-01	4.187595e-01	2.501843e-01	9.842547e-02	8.000002e-02
69	-2.103334e+01	-2.103334e+01	-2.103335e+02	2.065603e-08	1.302675e-01	4.188061e-01	2.501899e-01	9.842826e-02	8.000002e-02
70	-2.103334e+01		-2.103335e+02	2.084642e-08	1.303183e-01	4.187516e-01	2.501862e-01	9.842641e-02	8.000002e-02
71	-2.103334e+01		-2.103335e+02	2.056339e-08	1.303151e-01	4.187549e-01	2.501865e-01	9.842657e-02	8.000002e-02
72	-2.103334e+01		-2.103335e+02	2.046284e-08	1.303142e-01	4.187558e-01	2.501866e-01	9.842661e-02	8.000002e-02
73	-2.103334e+01		-2.103335e+02	2.043792e-08	1.303140e-01	4.187560e-01	2.501866e-01	9.842662e-02	8.000002e-02
74	-2.103334e+01		-2.103335e+02	2.043154e-08	1.303140e-01	4.187560e-01	2.501866e-01	9.842663e-02	8.000002e-02
75	-2.103334e+01		-2.103335e+02	2.042997e-08	1.303140e-01	4.187561e-01	2.501866e-01	9.842663e-02	8.000002e-02
76	-2.103334e+01		-2.103335e+02	2.042958e-08	1.303140e-01	4.187561e-01	2.501866e-01	9.842663e-02	8.000002e-02
77	-2.103334e+01		-2.103335e+02	2.042948e-08	1.303140e-01	4.187561e-01	2.501866e-01	9.842663e-02	8.000002e-02
78	-2.103334e+01		-2.103335e+02	2.042946e-08	1.303140e-01	4.187561e-01	2.501866e-01	9.842663e-02	8.000002e-02
79	-2.103334e+01		-2.103335e+02	2.042945e-08	1.303140e-01	4.187561e-01	2.501866e-01	9.842663e-02	8.000002e-02
80	-2.103334e+01		-2.103335e+02	2.042945e-08	1.303140e-01	4.187561e-01	2.501866e-01	9.842663e-02	8.000002e-02
