RTO_iter	merit	base_merit	cost	con	XFr_A	XFr_B	XFr_E	XFr_P	XFr_G
1	-7.752530e+00	-7.752530e+00	-7.752530e+01	-3.276256e-02	1.295174e-01	4.930493e-01	2.141127e-01	9.131054e-02	4.723744e-02
2	-8.834613e+00	-8.834613e+00	-8.834613e+01	-3.107377e-02	1.291236e-01	4.890642e-01	2.164426e-01	9.191257e-02	4.892623e-02
3	-1.089084e+01	-1.089084e+01	-1.089084e+02	-2.758953e-02	1.283612e-01	4.810923e-01	2.210350e-01	9.304733e-02	5.241047e-02
4	-1.456497e+01	-1.456497e+01	-1.456497e+02	-2.019548e-02	1.269247e-01	4.651660e-01	2.299434e-01	9.503684e-02	5.980452e-02
5	-2.011584e+01	-2.011584e+01	-2.011584e+02	-3.753719e-03	1.242317e-01	4.336758e-01	2.466097e-01	9.788941e-02	7.624628e-02
6	-1.933090e+01		-2.078540e+02	1.454501e-03	1.555039e-01	3.923499e-01	2.475986e-01	9.664780e-02	8.145450e-02
7	-2.046099e+01	-2.046099e+01	-2.101545e+02	5.544564e-04	1.423304e-01	4.067978e-01	2.486115e-01	9.745427e-02	8.055446e-02
8	-2.063108e+01	-2.063108e+01	-2.107350e+02	4.424143e-04	1.231934e-01	4.264576e-01	2.505471e-01	9.845944e-02	8.044241e-02
9	-2.051112e+01		-2.100621e+02	4.950971e-04	1.421672e-01	4.071218e-01	2.485507e-01	9.744365e-02	8.049510e-02
10	-2.091249e+01	-2.091249e+01	-2.104894e+02	1.364526e-04	1.329889e-01	4.168413e-01	2.493892e-01	9.798246e-02	8.013645e-02
11	-2.091343e+01		-2.101689e+02	1.034566e-04	1.241611e-01	4.258060e-01	2.503381e-01	9.846790e-02	8.010346e-02
12	-2.100243e+01	-2.100243e+01	-2.103006e+02	2.763282e-05	1.284226e-01	4.216565e-01	2.497989e-01	9.822356e-02	8.002763e-02
13	-2.099412e+01		-2.102704e+02	3.291997e-05	1.333435e-01	4.165548e-01	2.493344e-01	9.798956e-02	8.003292e-02
14	-2.102122e+01	-2.102122e+01	-2.102962e+02	8.408157e-06	1.308889e-01	4.190976e-01	2.495733e-01	9.811717e-02	8.000841e-02
15	-2.102474e+01	-2.102474e+01	-2.102881e+02	4.067408e-06	1.291099e-01	4.208236e-01	2.498121e-01	9.823803e-02	8.000407e-02
16	-2.102174e+01		-2.103014e+02	8.391642e-06	1.315843e-01	4.182217e-01	2.495997e-01	9.813039e-02	8.000839e-02
17	-2.102802e+01	-2.102802e+01	-2.103007e+02	2.051603e-06	1.303255e-01	4.195362e-01	2.497144e-01	9.818987e-02	8.000205e-02
18	-2.103033e+01	-2.103033e+01	-2.103041e+02	8.621448e-08	1.300489e-01	4.197293e-01	2.497966e-01	9.823162e-02	8.000009e-02
19	-2.102000e+01		-2.102830e+02	8.292038e-06	1.325348e-01	4.171241e-01	2.495766e-01	9.811886e-02	8.000829e-02
20	-2.102975e+01		-2.103098e+02	1.225977e-06	1.309749e-01	4.186930e-01	2.497544e-01	9.821012e-02	8.000123e-02
21	-2.103057e+01	-2.103057e+01	-2.103084e+02	2.707877e-07	1.304812e-01	4.192407e-01	2.497798e-01	9.822315e-02	8.000027e-02
22	-2.103103e+01	-2.103103e+01	-2.103112e+02	8.714296e-08	1.302160e-01	4.194716e-01	2.498311e-01	9.824886e-02	8.000009e-02
23	-2.103142e+01	-2.103142e+01	-2.103147e+02	4.972320e-08	1.303836e-01	4.192473e-01	2.498453e-01	9.825598e-02	8.000005e-02
24	-2.103143e+01	-2.103143e+01	-2.103183e+02	3.950088e-07	1.298144e-01	4.197499e-01	2.499509e-01	9.830865e-02	8.000040e-02
25	-2.103002e+01		-2.103210e+02	2.082984e-06	1.310517e-01	4.184421e-01	2.498485e-01	9.825691e-02	8.000208e-02
26	-2.103170e+01	-2.103170e+01	-2.103219e+02	4.895971e-07	1.304101e-01	4.191119e-01	2.499068e-01	9.828658e-02	8.000049e-02
27	-2.103220e+01	-2.103220e+01	-2.103230e+02	9.848429e-08	1.301285e-01	4.193606e-01	2.499592e-01	9.831289e-02	8.000010e-02
28	-2.103217e+01		-2.103249e+02	3.177403e-07	1.306008e-01	4.188335e-01	2.499368e-01	9.830162e-02	8.000032e-02
29	-2.103235e+01	-2.103235e+01	-2.103242e+02	7.395437e-08	1.303546e-01	4.191064e-01	2.499496e-01	9.830810e-02	8.000007e-02
30	-2.103251e+01	-2.103251e+01	-2.103252e+02	8.058899e-09	1.302802e-01	4.191589e-01	2.499713e-01	9.831896e-02	8.000001e-02
31	-2.103270e+01	-2.103270e+01	-2.103271e+02	1.194839e-08	1.301841e-01	4.192082e-01	2.500102e-01	9.833844e-02	8.000001e-02
32	-2.103285e+01	-2.103285e+01	-2.103292e+02	7.630526e-08	1.299215e-01	4.193815e-01	2.500938e-01	9.838021e-02	8.000008e-02
33	-2.103076e+01		-2.103282e+02	2.060452e-06	1.311664e-01	4.180926e-01	2.499746e-01	9.831996e-02	8.000206e-02
34	-2.103259e+01		-2.103312e+02	5.301157e-07	1.305481e-01	4.187223e-01	2.500401e-01	9.835323e-02	8.000053e-02
35	-2.103295e+01	-2.103295e+01	-2.103308e+02	1.316841e-07	1.302323e-01	4.190516e-01	2.500690e-01	9.836780e-02	8.000013e-02
36	-2.103309e+01	-2.103309e+01	-2.103312e+02	2.852083e-08	1.303654e-01	4.188892e-01	2.500710e-01	9.836882e-02	8.000003e-02
37	-2.103311e+01	-2.103311e+01	-2.103316e+02	4.420430e-08	1.301813e-01	4.190599e-01	2.501003e-01	9.838347e-02	8.000004e-02
38	-2.103307e+01		-2.103319e+02	1.144406e-07	1.304690e-01	4.187485e-01	2.500809e-01	9.837375e-02	8.000011e-02
39	-2.103316e+01	-2.103316e+01	-2.103318e+02	2.716008e-08	1.303192e-01	4.189086e-01	2.500922e-01	9.837944e-02	8.000003e-02
40	-2.103320e+01	-2.103320e+01	-2.103320e+02	4.872366e-09	1.302658e-01	4.189516e-01	2.501047e-01	9.838566e-02	8.000000e-02
41	-2.103322e+01	-2.103322e+01	-2.103323e+02	3.609611e-09	1.303021e-01	4.189005e-01	2.501092e-01	9.838795e-02	8.000000e-02
42	-2.103323e+01	-2.103323e+01	-2.103325e+02	2.267977e-08	1.301706e-01	4.190139e-01	2.501353e-01	9.840098e-02	8.000002e-02
43	-2.103313e+01		-2.103327e+02	1.330270e-07	1.304843e-01	4.186820e-01	2.501095e-01	9.838806e-02	8.000013e-02
44	-2.103324e+01	-2.103324e+01	-2.103327e+02	3.330132e-08	1.303254e-01	4.188476e-01	2.501241e-01	9.839536e-02	8.000003e-02
45	-2.103327e+01	-2.103327e+01	-2.103328e+02	1.103226e-08	1.302381e-01	4.189273e-01	2.501388e-01	9.840273e-02	8.000001e-02
46	-2.103327e+01	-2.103327e+01	-2.103329e+02	2.289107e-08	1.303634e-01	4.187877e-01	2.501327e-01	9.839968e-02	8.000002e-02
47	-2.103328e+01	-2.103328e+01	-2.103330e+02	2.195696e-08	1.302375e-01	4.189102e-01	2.501493e-01	9.840799e-02	8.000002e-02
48	-2.103328e+01		-2.103331e+02	2.845800e-08	1.303793e-01	4.187554e-01	2.501406e-01	9.840364e-02	8.000003e-02
49	-2.103330e+01	-2.103330e+01	-2.103331e+02	8.378612e-09	1.303112e-01	4.188286e-01	2.501454e-01	9.840605e-02	8.000001e-02
50	-2.103331e+01	-2.103331e+01	-2.103331e+02	3.813323e-09	1.302662e-01	4.188689e-01	2.501535e-01	9.841009e-02	8.000000e-02
51	-2.103332e+01	-2.103332e+01	-2.103332e+02	2.821740e-09	1.302999e-01	4.188266e-01	2.501547e-01	9.841070e-02	8.000000e-02
52	-2.103332e+01	-2.103332e+01	-2.103333e+02	3.143446e-09	1.302609e-01	4.188603e-01	2.501624e-01	9.841453e-02	8.000000e-02
53	-2.103333e+01	-2.103333e+01	-2.103333e+02	5.055450e-09	1.303141e-01	4.187984e-01	2.501613e-01	9.841400e-02	8.000001e-02
54	-2.103333e+01	-2.103333e+01	-2.103334e+02	5.979670e-09	1.302536e-01	4.188557e-01	2.501703e-01	9.841848e-02	8.000001e-02
55	-2.103333e+01	-2.103333e+01	-2.103334e+02	9.330808e-09	1.303323e-01	4.187694e-01	2.501656e-01	9.841614e-02	8.000001e-02
56	-2.103333e+01	-2.103333e+01	-2.103334e+02	8.713115e-09	1.302569e-01	4.188436e-01	2.501751e-01	9.842091e-02	8.000001e-02
57	-2.103333e+01		-2.103334e+02	1.002561e-08	1.303392e-01	4.187541e-01	2.501699e-01	9.841826e-02	8.000001e-02
58	-2.103334e+01	-2.103334e+01	-2.103334e+02	4.586467e-09	1.303091e-01	4.187861e-01	2.501722e-01	9.841944e-02	8.000000e-02
59	-2.103334e+01	-2.103334e+01	-2.103334e+02	3.722174e-09	1.302649e-01	4.188284e-01	2.501785e-01	9.842257e-02	8.000000e-02
60	-2.103334e+01	-2.103334e+01	-2.103335e+02	3.745111e-09	1.303101e-01	4.187776e-01	2.501766e-01	9.842163e-02	8.000000e-02
61	-2.103334e+01	-2.103334e+01	-2.103335e+02	4.188232e-09	1.302621e-01	4.188241e-01	2.501830e-01	9.842483e-02	8.000000e-02
62	-2.103334e+01	-2.103334e+01	-2.103335e+02	5.122096e-09	1.303184e-01	4.187629e-01	2.501794e-01	9.842302e-02	8.000001e-02
63	-2.103334e+01	-2.103334e+01	-2.103335e+02	5.001249e-09	1.302646e-01	4.188162e-01	2.501859e-01	9.842630e-02	8.000001e-02
64	-2.103334e+01	-2.103334e+01	-2.103335e+02	5.408338e-09	1.303231e-01	4.187531e-01	2.501819e-01	9.842428e-02	8.000001e-02
65	-2.103335e+01	-2.103335e+01	-2.103335e+02	5.429703e-09	1.302665e-01	4.188097e-01	2.501885e-01	9.842757e-02	8.000001e-02
66	-2.103334e+01		-2.103335e+02	5.744288e-09	1.303274e-01	4.187445e-01	2.501839e-01	9.842527e-02	8.000001e-02
67	-2.103335e+01	-2.103335e+01	-2.103335e+02	4.103974e-09	1.303160e-01	4.187563e-01	2.501851e-01	9.842586e-02	8.000000e-02
68	-2.103335e+01	-2.103335e+01	-2.103335e+02	4.165698e-09	1.302682e-01	4.188040e-01	2.501906e-01	9.842864e-02	8.000000e-02
69	-2.103335e+01	-2.103335e+01	-2.103335e+02	4.318820e-09	1.303197e-01	4.187490e-01	2.501868e-01	9.842672e-02	8.000000e-02
70	-2.103335e+01	-2.103335e+01	-2.103335e+02	4.390232e-09	1.302703e-01	4.187987e-01	2.501923e-01	9.842949e-02	8.000000e-02
71	-2.103335e+01		-2.103335e+02	4.467599e-09	1.303231e-01	4.187426e-01	2.501881e-01	9.842738e-02	8.000000e-02
72	-2.103335e+01	-2.103335e+01	-2.103335e+02	4.050947e-09	1.303199e-01	4.187458e-01	2.501885e-01	9.842756e-02	8.000000e-02
73	-2.103335e+01	-2.103335e+01	-2.103335e+02	4.158192e-09	1.302723e-01	4.187940e-01	2.501937e-01	9.843019e-02	8.000000e-02
74	-2.103335e+01		-2.103335e+02	4.153117e-09	1.303230e-01	4.187404e-01	2.501895e-01	9.842808e-02	8.000000e-02
75	-2.103335e+01	-2.103335e+01	-2.103335e+02	4.056887e-09	1.303222e-01	4.187412e-01	2.501896e-01	9.842813e-02	8.000000e-02
76	-2.103335e+01	-2.103335e+01	-2.103335e+02	4.206951e-09	1.302745e-01	4.187896e-01	2.501947e-01	9.843070e-02	8.000000e-02
77	-2.103335e+01	-2.103335e+01	-2.103335e+02	1.086211e-09	1.302721e-01	4.187879e-01	2.501974e-01	9.843205e-02	8.000000e-02
78	-2.103335e+01		-2.103335e+02	4.053348e-09	1.303229e-01	4.187355e-01	2.501925e-01	9.842957e-02	8.000000e-02
79	-2.103335e+01		-2.103335e+02	3.972979e-09	1.303223e-01	4.187361e-01	2.501926e-01	9.842961e-02	8.000000e-02
80	-2.103335e+01		-2.103335e+02	3.951246e-09	1.303221e-01	4.187363e-01	2.501926e-01	9.842962e-02	8.000000e-02
