RTO_iter	rho	tr	tr_adjusted	event	base_cost	base_con	merit	base_merit	cost_unmodified	cost	con_unmodified	con	XFr_A	XFr_B	XFr_E	XFr_P	XFr_G	Ka1	Ka2	Kb1	Kb2	cost_eps	Fa_cost_lam	Fb_cost_lam	Tr_cost_lam	con_eps	Fa_con_lam	Fb_con_lam	Tr_con_lam
0																		2.189000e+08	4.310000e+13	8.077600e+03	1.243800e+04	0.000000e+00	0.000000e+00	0.000000e+00	0.000000e+00	0.000000e+00	0.000000e+00	0.000000e+00	0.000000e+00
1	1.003824e+00	5.000000e-03	1.000000e-02		-7.752530e+01	-3.276256e-02	-1.729593e+01	-7.752530e+00	-1.992171e+02	-1.992171e+02	2.625780e-03	2.625780e-03	1.113367e-01	4.560977e-01	2.516545e-01	9.828534e-02	8.262578e-02	2.189000e+08	4.310000e+13	8.077600e+03	1.243800e+04	1.216918e+02	-3.722328e+01	4.812623e+01	-1.797171e+01	-3.538834e-02	-3.752642e-03	1.690099e-03	-1.715440e-03
2	1.007243e+00	1.000000e-02	2.000000e-02		-8.834613e+01	-3.107377e-02	-8.830491e+00	-8.834613e+00	-2.006333e+02	-8.830491e+01	5.168882e-03	-3.107169e-02	1.108440e-01	4.523206e-01	2.533707e-01	9.829573e-02	8.516888e-02	2.189000e+08	4.310000e+13	8.077600e+03	1.243800e+04	1.122872e+02	-3.854701e+01	4.781081e+01	-1.811549e+01	-3.624265e-02	-3.739292e-03	1.675048e-03	-1.725606e-03
3	1.012418e+00	2.000000e-02	4.000000e-02		-1.089084e+02	-2.758953e-02	-1.087606e+01	-1.089084e+01	-2.021808e+02	-1.087606e+02	1.036901e-02	-2.758289e-02	1.098949e-01	4.447856e-01	2.567157e-01	9.823482e-02	9.036901e-02	2.189000e+08	4.310000e+13	8.077600e+03	1.243800e+04	9.327234e+01	-4.105732e+01	4.708101e+01	-1.836861e+01	-3.795854e-02	-3.696121e-03	1.635980e-03	-1.742723e-03
4	1.010844e+00	4.000000e-02	8.000000e-02		-1.456497e+02	-2.019548e-02	-1.451991e+01	-1.456497e+01	-2.002421e+02	-1.451991e+02	2.120568e-02	-2.018276e-02	1.081285e-01	4.298117e-01	2.630595e-01	9.779453e-02	1.012057e-01	2.189000e+08	4.310000e+13	8.077600e+03	1.243800e+04	5.459236e+01	-4.549378e+01	4.522066e+01	-1.873418e+01	-4.140116e-02	-3.541746e-03	1.519904e-03	-1.763713e-03
5	-6.762959e-01	8.000000e-02	4.000000e-02		-2.011584e+02	-3.753719e-03	-2.005629e+01	-2.011584e+01	-1.773563e+02	-2.005629e+02	4.441704e-02	-3.816457e-03	1.049516e-01	4.004991e-01	2.744031e-01	9.572919e-02	1.244170e-01	2.189000e+08	4.310000e+13	8.077600e+03	1.243800e+04	-2.380209e+01	-5.183843e+01	3.988711e+01	-1.888288e+01	-4.817076e-02	-2.961135e-03	1.125727e-03	-1.750801e-03
6	3.245411e-01	4.000000e-02	4.000000e-02				-2.127648e+01		-1.717652e+02	-2.127648e+02	4.814604e-02	5.962338e-10	1.404189e-01	3.645211e-01	2.730862e-01	9.382777e-02	1.281460e-01												
7	2.067808e-01	4.000000e-02	4.000000e-02		-2.101545e+02	5.544564e-04	-2.117935e+01	-2.046099e+01	-1.748262e+02	-2.117935e+02	4.836455e-02	8.992842e-10	1.254088e-01	3.767656e-01	2.748329e-01	9.462825e-02	1.283645e-01	2.189000e+08	4.310000e+13	8.077600e+03	1.243800e+04	-3.532824e+01	-4.426389e+01	3.841161e+01	-1.939106e+01	-4.781009e-02	-5.156289e-04	1.037346e-04	-1.781846e-03
8	-2.032424e-01	4.000000e-02	2.000000e-02		-2.107350e+02	4.424143e-04	-2.128356e+01	-2.063108e+01	-1.692137e+02	-2.128357e+02	4.998549e-02	8.993423e-10	1.039059e-01	3.939469e-01	2.769935e-01	9.516823e-02	1.299855e-01	2.189000e+08	4.310000e+13	8.077600e+03	1.243800e+04	-4.152124e+01	-5.288080e+01	3.828676e+01	-1.863016e+01	-4.954307e-02	-2.808345e-03	1.008002e-03	-1.733679e-03
9	5.929353e-01	2.000000e-02	2.000000e-02				-2.122135e+01		-1.748028e+02	-2.122135e+02	4.833948e-02	8.993005e-10	1.252018e-01	3.770285e-01	2.748067e-01	9.462352e-02	1.283395e-01												
10	6.081332e-03	2.000000e-02	1.000000e-02		-2.104894e+02	1.364526e-04	-2.110568e+01	-2.091249e+01	-1.742961e+02	-2.110568e+02	4.865170e-02	8.993131e-10	1.148968e-01	3.854980e-01	2.758916e-01	9.506189e-02	1.286517e-01	2.189000e+08	4.310000e+13	8.077600e+03	1.243800e+04	-3.619330e+01	-4.831353e+01	3.861109e+01	-1.900911e+01	-4.851525e-02	-1.558936e-03	5.473693e-04	-1.766344e-03
11	6.900221e-01	1.000000e-02	1.000000e-02				-2.106761e+01		-1.712206e+02	-2.106761e+02	4.926708e-02	8.993525e-10	1.050855e-01	3.934809e-01	2.768370e-01	9.532948e-02	1.292671e-01												
12	-2.186529e-01	1.000000e-02	5.000000e-03		-2.103006e+02	2.763282e-05	-2.104283e+01	-2.100243e+01	-1.730570e+02	-2.104283e+02	4.888074e-02	8.993556e-10	1.097966e-01	3.897533e-01	2.763531e-01	9.521630e-02	1.288807e-01	2.189000e+08	4.310000e+13	8.077600e+03	1.243800e+04	-3.724363e+01	-5.034505e+01	3.858263e+01	-1.879483e+01	-4.885310e-02	-2.125520e-03	7.657857e-04	-1.753358e-03
13	6.195535e-01	5.000000e-03	5.000000e-03				-2.104042e+01		-1.749414e+02	-2.104042e+02	4.840031e-02	8.995591e-10	1.153414e-01	3.853007e-01	2.758385e-01	9.511913e-02	1.284003e-01												
14	3.571755e-01	5.000000e-03	5.000000e-03		-2.102962e+02	8.408157e-06	-2.103275e+01	-2.102122e+01	-1.742175e+02	-2.103275e+02	4.859122e-02	8.993364e-10	1.125849e-01	3.875265e-01	2.761074e-01	9.518998e-02	1.285912e-01	2.189000e+08	4.310000e+13	8.077600e+03	1.243800e+04	-3.607874e+01	-4.919592e+01	3.862997e+01	-1.886571e+01	-4.858281e-02	-1.812193e-03	6.463648e-04	-1.760391e-03
15	-3.508359e-01	5.000000e-03	2.500000e-03		-2.102881e+02	4.067408e-06	-2.103108e+01	-2.102474e+01	-1.738429e+02	-2.103108e+02	4.867519e-02	8.993446e-10	1.106307e-01	3.890828e-01	2.763354e-01	9.527596e-02	1.286752e-01	2.189000e+08	4.310000e+13	8.077600e+03	1.243800e+04	-3.644517e+01	-4.995841e+01	3.859527e+01	-1.874023e+01	-4.867113e-02	-2.027078e-03	7.267336e-04	-1.754505e-03
16	5.440575e-01	2.500000e-03	2.500000e-03				-2.103328e+01		-1.748945e+02	-2.103328e+02	4.841679e-02	8.993833e-10	1.134294e-01	3.868202e-01	2.760928e-01	9.524080e-02	1.284168e-01												
17	9.538548e-01	2.500000e-03	5.000000e-03		-2.103007e+02	2.051603e-06	-2.103077e+01	-2.102802e+01	-1.744274e+02	-2.103077e+02	4.853373e-02	8.993403e-10	1.120102e-01	3.879669e-01	2.762225e-01	9.526667e-02	1.285337e-01	2.189000e+08	4.310000e+13	8.077600e+03	1.243800e+04	-3.587331e+01	-4.938829e+01	3.861449e+01	-1.876847e+01	-4.853168e-02	-1.871118e-03	6.668449e-04	-1.757818e-03
18	-8.835937e+00	5.000000e-03	2.500000e-03		-2.103041e+02	8.621448e-08	-2.103044e+01	-2.103033e+01	-1.745771e+02	-2.103044e+02	4.849348e-02	8.993431e-10	1.117359e-01	3.881712e-01	2.762871e-01	9.531237e-02	1.284935e-01	2.189000e+08	4.310000e+13	8.077600e+03	1.243800e+04	-3.572699e+01	-4.947446e+01	3.860495e+01	-1.871075e+01	-4.849340e-02	-1.898723e-03	6.760189e-04	-1.756407e-03
19	-6.705817e-01	2.500000e-03	1.250000e-03				-2.103149e+01		-1.755365e+02	-2.103150e+02	4.824206e-02	8.993818e-10	1.145476e-01	3.859089e-01	2.760326e-01	9.526893e-02	1.282421e-01												
20	4.446862e-01	1.250000e-03	1.250000e-03				-2.103118e+01		-1.751328e+02	-2.103118e+02	4.835301e-02	8.993445e-10	1.128082e-01	3.872938e-01	2.762195e-01	9.532542e-02	1.283530e-01												
21	7.675174e-01	1.250000e-03	1.250000e-03		-2.103084e+02	2.707877e-07	-2.103087e+01	-2.103057e+01	-1.748536e+02	-2.103087e+02	4.842421e-02	8.993419e-10	1.122384e-01	3.877590e-01	2.762577e-01	9.532077e-02	1.284242e-01	2.189000e+08	4.310000e+13	8.077600e+03	1.243800e+04	-3.545484e+01	-4.926033e+01	3.860859e+01	-1.870610e+01	-4.842394e-02	-1.841371e-03	6.533418e-04	-1.757337e-03
22	9.684942e-01	1.250000e-03	2.500000e-03		-2.103112e+02	8.714296e-08	-2.103117e+01	-2.103103e+01	-1.748649e+02	-2.103118e+02	4.842063e-02	8.993419e-10	1.119565e-01	3.879766e-01	2.763021e-01	9.534415e-02	1.284206e-01	2.189000e+08	4.310000e+13	8.077600e+03	1.243800e+04	-3.544631e+01	-4.936310e+01	3.860212e+01	-1.867489e+01	-4.842054e-02	-1.871311e-03	6.642227e-04	-1.756306e-03
23	1.212363e-02	2.500000e-03	2.500000e-03		-2.103147e+02	4.972320e-08	-2.103144e+01	-2.103142e+01	-1.750628e+02	-2.103144e+02	4.837017e-02	8.993413e-10	1.121648e-01	3.877992e-01	2.763039e-01	9.536191e-02	1.283702e-01	2.189000e+08	4.310000e+13	8.077600e+03	1.243800e+04	-3.525192e+01	-4.926553e+01	3.860138e+01	-1.865570e+01	-4.837012e-02	-1.846406e-03	6.538646e-04	-1.756425e-03
24	-1.003985e+00	2.500000e-03	1.250000e-03		-2.103183e+02	3.950088e-07	-2.103208e+01	-2.103143e+01	-1.750591e+02	-2.103208e+02	4.836901e-02	8.993431e-10	1.115568e-01	3.882697e-01	2.763961e-01	9.540837e-02	1.283690e-01	2.189000e+08	4.310000e+13	8.077600e+03	1.243800e+04	-3.525915e+01	-4.949010e+01	3.858700e+01	-1.859339e+01	-4.836861e-02	-1.911614e-03	6.776199e-04	-1.754270e-03
25	2.969179e-01	1.250000e-03	1.250000e-03				-2.103284e+01		-1.755976e+02	-2.103284e+02	4.823298e-02	8.993491e-10	1.129602e-01	3.871368e-01	2.762762e-01	9.539379e-02	1.282330e-01												
26	7.584341e-01	1.250000e-03	1.250000e-03		-2.103219e+02	4.895971e-07	-2.103234e+01	-2.103170e+01	-1.753484e+02	-2.103234e+02	4.829667e-02	8.993403e-10	1.122357e-01	3.877199e-01	2.763422e-01	9.540555e-02	1.282967e-01	2.189000e+08	4.310000e+13	8.077600e+03	1.243800e+04	-3.497353e+01	-4.920929e+01	3.859472e+01	-1.860389e+01	-4.829618e-02	-1.834884e-03	6.477869e-04	-1.755772e-03
27	-8.730226e-02	1.250000e-03	6.250000e-04		-2.103230e+02	9.848429e-08	-2.103236e+01	-2.103220e+01	-1.753506e+02	-2.103236e+02	4.829484e-02	8.993418e-10	1.119352e-01	3.879529e-01	2.763880e-01	9.542907e-02	1.282948e-01	2.189000e+08	4.310000e+13	8.077600e+03	1.243800e+04	-3.497240e+01	-4.931981e+01	3.858793e+01	-1.857273e+01	-4.829474e-02	-1.867018e-03	6.595215e-04	-1.754712e-03
28	6.407209e-01	6.250000e-04	6.250000e-04				-2.103254e+01		-1.756304e+02	-2.103254e+02	4.822323e-02	8.993420e-10	1.124819e-01	3.875065e-01	2.763530e-01	9.543542e-02	1.282232e-01												
29	9.421702e-01	6.250000e-04	1.250000e-03		-2.103242e+02	7.395437e-08	-2.103243e+01	-2.103235e+01	-1.754907e+02	-2.103243e+02	4.825910e-02	8.993415e-10	1.121977e-01	3.877382e-01	2.763720e-01	9.543299e-02	1.282591e-01	2.189000e+08	4.310000e+13	8.077600e+03	1.243800e+04	-3.483358e+01	-4.920827e+01	3.858997e+01	-1.857072e+01	-4.825903e-02	-1.837001e-03	6.476413e-04	-1.755192e-03
30	9.703091e-01	1.250000e-03	2.500000e-03		-2.103252e+02	8.058899e-09	-2.103252e+01	-2.103251e+01	-1.755247e+02	-2.103252e+02	4.824991e-02	8.993414e-10	1.121233e-01	3.877930e-01	2.763892e-01	9.544463e-02	1.282499e-01	2.189000e+08	4.310000e+13	8.077600e+03	1.243800e+04	-3.480052e+01	-4.923203e+01	3.858733e+01	-1.855605e+01	-4.824991e-02	-1.844475e-03	6.501525e-04	-1.754824e-03
31	6.172707e-01	2.500000e-03	2.500000e-03		-2.103271e+02	1.194839e-08	-2.103270e+01	-2.103270e+01	-1.756146e+02	-2.103270e+02	4.822596e-02	8.993420e-10	1.120342e-01	3.878542e-01	2.764184e-01	9.546720e-02	1.282260e-01	2.189000e+08	4.310000e+13	8.077600e+03	1.243800e+04	-3.471250e+01	-4.925519e+01	3.858268e+01	-1.852816e+01	-4.822595e-02	-1.852739e-03	6.525752e-04	-1.754224e-03
32	-2.541080e+00	2.500000e-03	1.250000e-03		-2.103292e+02	7.630526e-08	-2.103294e+01	-2.103285e+01	-1.757599e+02	-2.103294e+02	4.818623e-02	8.993434e-10	1.117762e-01	3.880414e-01	2.764833e-01	9.551292e-02	1.281862e-01	2.189000e+08	4.310000e+13	8.077600e+03	1.243800e+04	-3.456928e+01	-4.933432e+01	3.857236e+01	-1.847085e+01	-4.818616e-02	-1.878385e-03	6.609445e-04	-1.752842e-03
33	-5.476479e-01	1.250000e-03	6.250000e-04				-2.103367e+01		-1.762252e+02	-2.103367e+02	4.806704e-02	8.993482e-10	1.131785e-01	3.869162e-01	2.763515e-01	9.548675e-02	1.280670e-01												
34	3.661480e-01	6.250000e-04	6.250000e-04				-2.103331e+01		-1.760274e+02	-2.103331e+02	4.811848e-02	8.993411e-10	1.124859e-01	3.874694e-01	2.764215e-01	9.550460e-02	1.281185e-01												
35	8.714533e-01	6.250000e-04	6.250000e-04		-2.103308e+02	1.316841e-07	-2.103312e+01	-2.103295e+01	-1.759022e+02	-2.103312e+02	4.815035e-02	8.993407e-10	1.121293e-01	3.877561e-01	2.764540e-01	9.551021e-02	1.281504e-01	2.189000e+08	4.310000e+13	8.077600e+03	1.243800e+04	-3.442861e+01	-4.918924e+01	3.857643e+01	-1.847776e+01	-4.815022e-02	-1.838450e-03	6.454266e-04	-1.753632e-03
36	2.332530e-01	6.250000e-04	6.250000e-04		-2.103312e+02	2.852083e-08	-2.103311e+01	-2.103309e+01	-1.760164e+02	-2.103311e+02	4.812048e-02	8.993419e-10	1.122888e-01	3.876234e-01	2.764494e-01	9.551787e-02	1.281205e-01	2.189000e+08	4.310000e+13	8.077600e+03	1.243800e+04	-3.431481e+01	-4.911824e+01	3.857680e+01	-1.847016e+01	-4.812045e-02	-1.819756e-03	6.378179e-04	-1.753819e-03
37	-3.882394e-01	6.250000e-04	3.125000e-04		-2.103316e+02	4.420430e-08	-2.103318e+01	-2.103311e+01	-1.759944e+02	-2.103318e+02	4.812555e-02	8.993414e-10	1.120890e-01	3.877796e-01	2.764763e-01	9.552962e-02	1.281255e-01	2.189000e+08	4.310000e+13	8.077600e+03	1.243800e+04	-3.433720e+01	-4.919403e+01	3.857285e+01	-1.845422e+01	-4.812550e-02	-1.841443e-03	6.458999e-04	-1.753191e-03
38	5.729675e-01	3.125000e-04	3.125000e-04				-2.103322e+01		-1.761394e+02	-2.103322e+02	4.808812e-02	8.993420e-10	1.124184e-01	3.875128e-01	2.764512e-01	9.552954e-02	1.280881e-01												
39	8.678912e-01	3.125000e-04	3.125000e-04		-2.103318e+02	2.716008e-08	-2.103319e+01	-2.103316e+01	-1.760695e+02	-2.103319e+02	4.810616e-02	8.993415e-10	1.122477e-01	3.876507e-01	2.764650e-01	9.553047e-02	1.281062e-01	2.189000e+08	4.310000e+13	8.077600e+03	1.243800e+04	-3.426235e+01	-4.912759e+01	3.857430e+01	-1.845475e+01	-4.810613e-02	-1.823376e-03	6.387828e-04	-1.753502e-03
40	9.908694e-01	3.125000e-04	6.250000e-04		-2.103320e+02	4.872366e-09	-2.103320e+01	-2.103320e+01	-1.760797e+02	-2.103320e+02	4.810317e-02	8.993413e-10	1.121922e-01	3.876927e-01	2.764754e-01	9.553663e-02	1.281032e-01	2.189000e+08	4.310000e+13	8.077600e+03	1.243800e+04	-3.425227e+01	-4.914685e+01	3.857273e+01	-1.844689e+01	-4.810317e-02	-1.829160e-03	6.408305e-04	-1.753275e-03
41	1.605798e-01	6.250000e-04	6.250000e-04		-2.103323e+02	3.609611e-09	-2.103322e+01	-2.103322e+01	-1.761276e+02	-2.103322e+02	4.809055e-02	8.993415e-10	1.122382e-01	3.876530e-01	2.764767e-01	9.554150e-02	1.280906e-01	2.189000e+08	4.310000e+13	8.077600e+03	1.243800e+04	-3.420466e+01	-4.912472e+01	3.857237e+01	-1.844152e+01	-4.809055e-02	-1.823532e-03	6.384448e-04	-1.753280e-03
42	-1.148384e+00	6.250000e-04	3.125000e-04		-2.103325e+02	2.267977e-08	-2.103326e+01	-2.103323e+01	-1.761331e+02	-2.103326e+02	4.808845e-02	8.993418e-10	1.120988e-01	3.877602e-01	2.764992e-01	9.555344e-02	1.280885e-01	2.189000e+08	4.310000e+13	8.077600e+03	1.243800e+04	-3.419939e+01	-4.917531e+01	3.856898e+01	-1.842595e+01	-4.808843e-02	-1.838374e-03	6.438340e-04	-1.752773e-03
43	2.312634e-01	3.125000e-04	3.125000e-04				-2.103331e+01		-1.762714e+02	-2.103331e+02	4.805285e-02	8.993413e-10	1.124551e-01	3.874731e-01	2.764688e-01	9.555012e-02	1.280529e-01												
44	6.494128e-01	3.125000e-04	3.125000e-04		-2.103327e+02	3.330132e-08	-2.103328e+01	-2.103324e+01	-1.762081e+02	-2.103328e+02	4.806915e-02	8.993405e-10	1.122756e-01	3.876172e-01	2.764852e-01	9.555287e-02	1.280692e-01	2.189000e+08	4.310000e+13	8.077600e+03	1.243800e+04	-3.412468e+01	-4.910221e+01	3.857082e+01	-1.842834e+01	-4.806912e-02	-1.818349e-03	6.359951e-04	-1.753146e-03
45	3.056545e-02	3.125000e-04	3.125000e-04		-2.103328e+02	1.103226e-08	-2.103329e+01	-2.103327e+01	-1.762011e+02	-2.103329e+02	4.807059e-02	8.993412e-10	1.121813e-01	3.876906e-01	2.764985e-01	9.555903e-02	1.280706e-01	2.189000e+08	4.310000e+13	8.077600e+03	1.243800e+04	-3.413172e+01	-4.913759e+01	3.856887e+01	-1.842011e+01	-4.807058e-02	-1.828540e-03	6.397736e-04	-1.752840e-03
46	2.539274e-01	3.125000e-04	3.125000e-04		-2.103329e+02	2.289107e-08	-2.103330e+01	-2.103327e+01	-1.762741e+02	-2.103330e+02	4.805160e-02	8.993411e-10	1.123263e-01	3.875724e-01	2.764890e-01	9.556065e-02	1.280516e-01	2.189000e+08	4.310000e+13	8.077600e+03	1.243800e+04	-3.405886e+01	-4.907639e+01	3.857001e+01	-1.841956e+01	-4.805157e-02	-1.811956e-03	6.331995e-04	-1.753105e-03
47	-3.209434e-02	3.125000e-04	1.562500e-04		-2.103330e+02	2.195696e-08	-2.103332e+01	-2.103328e+01	-1.762446e+02	-2.103332e+02	4.805892e-02	8.993412e-10	1.121874e-01	3.876821e-01	2.765052e-01	9.556631e-02	1.280589e-01	2.189000e+08	4.310000e+13	8.077600e+03	1.243800e+04	-3.408840e+01	-4.913056e+01	3.856771e+01	-1.841151e+01	-4.805890e-02	-1.827238e-03	6.389977e-04	-1.752718e-03
48	6.741621e-01	1.562500e-04	1.562500e-04				-2.103332e+01		-1.763196e+02	-2.103332e+02	4.803944e-02	8.993415e-10	1.123503e-01	3.875500e-01	2.764934e-01	9.556688e-02	1.280394e-01												
49	6.754276e-01	1.562500e-04	1.562500e-04		-2.103331e+02	8.378612e-09	-2.103331e+01	-2.103330e+01	-1.762864e+02	-2.103331e+02	4.804805e-02	8.993412e-10	1.122725e-01	3.876129e-01	2.764995e-01	9.556707e-02	1.280480e-01	2.189000e+08	4.310000e+13	8.077600e+03	1.243800e+04	-3.404667e+01	-4.909477e+01	3.856843e+01	-1.841142e+01	-4.804804e-02	-1.817520e-03	6.351537e-04	-1.752877e-03
50	8.590271e-01	1.562500e-04	1.562500e-04		-2.103331e+02	3.813323e-09	-2.103332e+01	-2.103331e+01	-1.762848e+02	-2.103332e+02	4.804827e-02	8.993409e-10	1.122242e-01	3.876503e-01	2.765067e-01	9.557057e-02	1.280483e-01	2.189000e+08	4.310000e+13	8.077600e+03	1.243800e+04	-3.404837e+01	-4.911267e+01	3.856737e+01	-1.840680e+01	-4.804827e-02	-1.822711e-03	6.370654e-04	-1.752714e-03
51	5.625823e-01	1.562500e-04	1.562500e-04		-2.103332e+02	2.821739e-09	-2.103332e+01	-2.103332e+01	-1.763163e+02	-2.103332e+02	4.803997e-02	8.993414e-10	1.122650e-01	3.876161e-01	2.765059e-01	9.557298e-02	1.280400e-01	2.189000e+08	4.310000e+13	8.077600e+03	1.243800e+04	-3.401695e+01	-4.909425e+01	3.856736e+01	-1.840432e+01	-4.803997e-02	-1.817879e-03	6.350794e-04	-1.752753e-03
52	4.600939e-01	1.562500e-04	1.562500e-04		-2.103333e+02	3.143446e-09	-2.103333e+01	-2.103332e+01	-1.763177e+02	-2.103333e+02	4.803940e-02	8.993411e-10	1.122236e-01	3.876479e-01	2.765126e-01	9.557649e-02	1.280394e-01	2.189000e+08	4.310000e+13	8.077600e+03	1.243800e+04	-3.401557e+01	-4.910925e+01	3.856637e+01	-1.839976e+01	-4.803939e-02	-1.822278e-03	6.366800e-04	-1.752604e-03
53	2.345594e-01	1.562500e-04	1.562500e-04		-2.103333e+02	5.055451e-09	-2.103333e+01	-2.103333e+01	-1.763550e+02	-2.103333e+02	4.802962e-02	8.993413e-10	1.122862e-01	3.875964e-01	2.765096e-01	9.557824e-02	1.280296e-01	2.189000e+08	4.310000e+13	8.077600e+03	1.243800e+04	-3.397833e+01	-4.908222e+01	3.856669e+01	-1.839827e+01	-4.802961e-02	-1.815035e-03	6.337700e-04	-1.752698e-03
54	1.000000e+00	1.562500e-04		plant converges	-2.103334e+02	5.979670e-09	-2.103334e+01	-2.103333e+01	-1.763448e+02	-2.103334e+02	4.803205e-02	8.993414e-10	1.122200e-01	3.876483e-01	2.765180e-01	9.558163e-02	1.280321e-01	2.189000e+08	4.310000e+13	8.077600e+03	1.243800e+04	-3.398851e+01	-4.910759e+01	3.856547e+01	-1.839361e+01	-4.803205e-02	-1.822259e-03	6.364850e-04	-1.752501e-03
55	2.391823e-01	1.562500e-04	1.562500e-04		-2.103334e+02	9.330808e-09	-2.103334e+01	-2.103333e+01	-1.763871e+02	-2.103334e+02	4.802105e-02	8.993411e-10	1.123106e-01	3.875748e-01	2.765115e-01	9.558206e-02	1.280211e-01	2.189000e+08	4.310000e+13	8.077600e+03	1.243800e+04	-3.394629e+01	-4.906973e+01	3.856628e+01	-1.839396e+01	-4.802104e-02	-1.811943e-03	6.324146e-04	-1.752677e-03
56	-4.129791e-02	1.562500e-04	7.812500e-05		-2.103334e+02	8.713115e-09	-2.103334e+01	-2.103333e+01	-1.763676e+02	-2.103335e+02	4.802593e-02	8.993413e-10	1.122271e-01	3.876409e-01	2.765209e-01	9.558515e-02	1.280259e-01	2.189000e+08	4.310000e+13	8.077600e+03	1.243800e+04	-3.396577e+01	-4.910248e+01	3.856495e+01	-1.838950e+01	-4.802592e-02	-1.821159e-03	6.359245e-04	-1.752451e-03
57	5.471427e-01	7.812500e-05	7.812500e-05				-2.103334e+01		-1.764101e+02	-2.103334e+02	4.801488e-02	8.993413e-10	1.123215e-01	3.875644e-01	2.765139e-01	9.558532e-02	1.280149e-01												
58	3.598563e-01	7.812500e-05	7.812500e-05		-2.103334e+02	4.586467e-09	-2.103334e+01	-2.103334e+01	-1.763964e+02	-2.103334e+02	4.801843e-02	8.991680e-10	1.122873e-01	3.875920e-01	2.765167e-01	9.558556e-02	1.280184e-01	2.189000e+08	4.310000e+13	8.077600e+03	1.243800e+04	-3.393703e+01	-4.907725e+01	3.856547e+01	-1.838958e+01	-4.801843e-02	-1.814294e-03	6.332115e-04	-1.752565e-03
59	3.397281e-01	7.812500e-05	7.812500e-05		-2.103334e+02	3.722174e-09	-2.103334e+01	-2.103334e+01	-1.763878e+02	-2.103335e+02	4.802054e-02	8.993411e-10	1.122387e-01	3.876302e-01	2.765227e-01	9.558784e-02	1.280205e-01	2.189000e+08	4.310000e+13	8.077600e+03	1.243800e+04	-3.394567e+01	-4.909600e+01	3.856462e+01	-1.838642e+01	-4.802054e-02	-1.819614e-03	6.352197e-04	-1.752425e-03
60	1.000000e+00	7.812500e-05		plant converges	-2.103335e+02	3.745111e-09	-2.103335e+01	-2.103334e+01	-1.764153e+02	-2.103335e+02	4.801333e-02	8.991825e-10	1.122913e-01	3.875873e-01	2.765195e-01	9.558864e-02	1.280133e-01	2.189000e+08	4.310000e+13	8.077600e+03	1.243800e+04	-3.391811e+01	-4.907371e+01	3.856499e+01	-1.838596e+01	-4.801332e-02	-1.813587e-03	6.328211e-04	-1.752516e-03
61	1.000000e+00	7.812500e-05		plant converges	-2.103335e+02	4.188232e-09	-2.103335e+01	-2.103334e+01	-1.764044e+02	-2.103335e+02	4.801604e-02	8.993411e-10	1.122384e-01	3.876290e-01	2.765257e-01	9.559085e-02	1.280160e-01	2.189000e+08	4.310000e+13	8.077600e+03	1.243800e+04	-3.392906e+01	-4.909431e+01	3.856411e+01	-1.838283e+01	-4.801604e-02	-1.819407e-03	6.350283e-04	-1.752368e-03
62	2.036772e-01	7.812500e-05	7.812500e-05		-2.103335e+02	5.122096e-09	-2.103335e+01	-2.103334e+01	-1.764334e+02	-2.103335e+02	4.800848e-02	8.993414e-10	1.123030e-01	3.875766e-01	2.765209e-01	9.559096e-02	1.280085e-01	2.189000e+08	4.310000e+13	8.077600e+03	1.243800e+04	-3.390003e+01	-4.906741e+01	3.856471e+01	-1.838331e+01	-4.800848e-02	-1.812060e-03	6.321358e-04	-1.752497e-03
63	1.000000e+00	7.812500e-05		plant converges	-2.103335e+02	5.001249e-09	-2.103335e+01	-2.103334e+01	-1.764186e+02	-2.103335e+02	4.801223e-02	8.993408e-10	1.122432e-01	3.876240e-01	2.765275e-01	9.559301e-02	1.280122e-01	2.189000e+08	4.310000e+13	8.077600e+03	1.243800e+04	-3.391494e+01	-4.909096e+01	3.856379e+01	-1.838032e+01	-4.801223e-02	-1.818673e-03	6.346613e-04	-1.752338e-03
64	1.937986e-01	7.812500e-05	7.812500e-05		-2.103335e+02	5.408338e-09	-2.103335e+01	-2.103334e+01	-1.764476e+02	-2.103335e+02	4.800469e-02	8.993412e-10	1.123102e-01	3.875699e-01	2.765223e-01	9.559293e-02	1.280047e-01	2.189000e+08	4.310000e+13	8.077600e+03	1.243800e+04	-3.388593e+01	-4.906323e+01	3.856445e+01	-1.838104e+01	-4.800468e-02	-1.811082e-03	6.316793e-04	-1.752475e-03
65	-2.039594e-01	7.812500e-05	3.906250e-05		-2.103335e+02	5.429703e-09	-2.103335e+01	-2.103335e+01	-1.764305e+02	-2.103335e+02	4.800901e-02	8.993408e-10	1.122470e-01	3.876200e-01	2.765291e-01	9.559486e-02	1.280090e-01	2.189000e+08	4.310000e+13	8.077600e+03	1.243800e+04	-3.390296e+01	-4.908823e+01	3.856352e+01	-1.837816e+01	-4.800900e-02	-1.818084e-03	6.343624e-04	-1.752312e-03
66	1.964263e-01	3.906250e-05	3.906250e-05				-2.103335e+01		-1.764592e+02	-2.103335e+02	4.800157e-02	8.993370e-10	1.123166e-01	3.875639e-01	2.765234e-01	9.559451e-02	1.280016e-01												
67	1.823331e-01	3.906250e-05	3.906250e-05		-2.103335e+02	4.103974e-09	-2.103335e+01	-2.103335e+01	-1.764551e+02	-2.103335e+02	4.800262e-02	8.993617e-10	1.123037e-01	3.875742e-01	2.765247e-01	9.559479e-02	1.280026e-01	2.189000e+08	4.310000e+13	8.077600e+03	1.243800e+04	-3.387842e+01	-4.906476e+01	3.856408e+01	-1.837877e+01	-4.800262e-02	-1.811657e-03	6.318379e-04	-1.752428e-03
68	1.000000e+00	3.906250e-05		plant converges	-2.103335e+02	4.165698e-09	-2.103335e+01	-2.103335e+01	-1.764408e+02	-2.103335e+02	4.800623e-02	8.993409e-10	1.122505e-01	3.876164e-01	2.765303e-01	9.559643e-02	1.280062e-01	2.189000e+08	4.310000e+13	8.077600e+03	1.243800e+04	-3.389267e+01	-4.908581e+01	3.856329e+01	-1.837633e+01	-4.800623e-02	-1.817555e-03	6.340970e-04	-1.752290e-03
69	1.960764e-01	3.906250e-05	3.906250e-05		-2.103335e+02	4.318820e-09	-2.103335e+01	-2.103335e+01	-1.764651e+02	-2.103335e+02	4.799993e-02	8.993145e-10	1.123092e-01	3.875691e-01	2.765256e-01	9.559616e-02	1.279999e-01	2.189000e+08	4.310000e+13	8.077600e+03	1.243800e+04	-3.386838e+01	-4.906162e+01	3.856390e+01	-1.837720e+01	-4.799992e-02	-1.810915e-03	6.314960e-04	-1.752413e-03
70	-2.786326e-01	3.906250e-05	1.953125e-05		-2.103335e+02	4.390232e-09	-2.103335e+01	-2.103335e+01	-1.764495e+02	-2.103335e+02	4.800390e-02	8.993412e-10	1.122541e-01	3.876130e-01	2.765313e-01	9.559771e-02	1.280039e-01	2.189000e+08	4.310000e+13	8.077600e+03	1.243800e+04	-3.388401e+01	-4.908356e+01	3.856311e+01	-1.837485e+01	-4.800390e-02	-1.817047e-03	6.338507e-04	-1.752273e-03
71	1.000000e+00	1.953125e-05		plant converges			-2.103335e+01		-1.764733e+02	-2.103335e+02	4.799773e-02	8.992768e-10	1.123142e-01	3.875646e-01	2.765263e-01	9.559724e-02	1.279977e-01												
72	2.039548e-01	1.953125e-05	1.953125e-05		-2.103335e+02	4.050947e-09	-2.103335e+01	-2.103335e+01	-1.764723e+02	-2.103335e+02	4.799798e-02	8.993412e-10	1.123106e-01	3.875674e-01	2.765267e-01	9.559734e-02	1.279980e-01	2.189000e+08	4.310000e+13	8.077600e+03	1.243800e+04	-3.386119e+01	-4.906033e+01	3.856371e+01	-1.837581e+01	-4.799798e-02	-1.810661e-03	6.313529e-04	-1.752394e-03
73	-3.411583e-01	1.953125e-05	9.765625e-06		-2.103335e+02	4.158192e-09	-2.103335e+01	-2.103335e+01	-1.764568e+02	-2.103335e+02	4.800193e-02	8.993413e-10	1.122573e-01	3.876098e-01	2.765322e-01	9.559877e-02	1.280019e-01	2.189000e+08	4.310000e+13	8.077600e+03	1.243800e+04	-3.387669e+01	-4.908156e+01	3.856296e+01	-1.837362e+01	-4.800193e-02	-1.816589e-03	6.336319e-04	-1.752260e-03
74	1.000000e+00	9.765625e-06		plant converges			-2.103335e+01		-1.764790e+02	-2.103335e+02	4.799618e-02	8.990069e-10	1.123149e-01	3.875635e-01	2.765272e-01	9.559821e-02	1.279962e-01												
75	2.191164e-01	9.765625e-06	9.765625e-06		-2.103335e+02	4.056887e-09	-2.103335e+01	-2.103335e+01	-1.764788e+02	-2.103335e+02	4.799624e-02	8.992258e-10	1.123141e-01	3.875642e-01	2.765273e-01	9.559823e-02	1.279962e-01	2.189000e+08	4.310000e+13	8.077600e+03	1.243800e+04	-3.385472e+01	-4.905828e+01	3.856367e+01	-1.837472e+01	-4.799624e-02	-1.810212e-03	6.311174e-04	-1.752404e-03
76	9.663162e-01	9.765625e-06	1.953125e-05		-2.103335e+02	4.206951e-09	-2.103335e+01	-2.103335e+01	-1.764629e+02	-2.103335e+02	4.800031e-02	8.993344e-10	1.122607e-01	3.876067e-01	2.765327e-01	9.559958e-02	1.280003e-01	2.189000e+08	4.310000e+13	8.077600e+03	1.243800e+04	-3.387067e+01	-4.907967e+01	3.856286e+01	-1.837268e+01	-4.800031e-02	-1.816140e-03	6.334258e-04	-1.752252e-03
77	-3.726288e+00	1.953125e-05	9.765625e-06		-2.103335e+02	1.086211e-09	-2.103335e+01	-2.103335e+01	-1.764721e+02	-2.103335e+02	4.799779e-02	8.993151e-10	1.122595e-01	3.876068e-01	2.765345e-01	9.560134e-02	1.279978e-01	2.189000e+08	4.310000e+13	8.077600e+03	1.243800e+04	-3.386140e+01	-4.907907e+01	3.856255e+01	-1.837059e+01	-4.799779e-02	-1.816124e-03	6.333552e-04	-1.752217e-03
78	-3.613249e+00	9.765625e-06	4.882813e-06				-2.103335e+01		-1.764914e+02	-2.103335e+02	4.799285e-02	8.993409e-10	1.123168e-01	3.875610e-01	2.765291e-01	9.560028e-02	1.279928e-01												
79	-3.583889e+00	4.882813e-06	2.441406e-06				-2.103335e+01		-1.764912e+02	-2.103335e+02	4.799289e-02	8.993283e-10	1.123160e-01	3.875616e-01	2.765292e-01	9.560030e-02	1.279929e-01												
80		2.441406e-06					-2.103335e+01		-1.764911e+02	-2.103335e+02	4.799290e-02	8.993283e-10	1.123159e-01	3.875617e-01	2.765292e-01	9.560031e-02	1.279929e-01												
