RTO_iter	rho	tr	tr_adjusted	event	base_cost	base_con	merit	base_merit	cost_unmodified	cost	con_unmodified	con	XFr_A	XFr_B	XFr_E	XFr_P	XFr_G	Ka1	Ka2	Kb1	Kb2	cost_eps	Fa_cost_lam	Fb_cost_lam	Tr_cost_lam	con_eps	Fa_con_lam	Fb_con_lam	Tr_con_lam
0																		2.189000e+08	4.310000e+13	8.077600e+03	1.243800e+04	0.000000e+00	0.000000e+00	0.000000e+00	0.000000e+00	0.000000e+00	0.000000e+00	0.000000e+00	0.000000e+00
1	1.003824e+00	5.000000e-03	1.000000e-02		-7.752530e+01	-3.276256e-02	-1.467015e+01	-7.752530e+00	-1.992171e+02	-1.992171e+02	2.625780e-03	2.625780e-03	1.113367e-01	4.560977e-01	2.516545e-01	9.828534e-02	8.262578e-02	2.189000e+08	4.310000e+13	8.077600e+03	1.243800e+04	1.216918e+02	-3.722328e+01	4.812623e+01	-1.797171e+01	-3.538834e-02	-3.752642e-03	1.690099e-03	-1.715440e-03
2	1.007243e+00	1.000000e-02	2.000000e-02		-8.834613e+01	-3.107377e-02	-8.830491e+00	-8.834613e+00	-2.006333e+02	-8.830491e+01	5.168882e-03	-3.107169e-02	1.108440e-01	4.523206e-01	2.533707e-01	9.829573e-02	8.516888e-02	2.189000e+08	4.310000e+13	8.077600e+03	1.243800e+04	1.122872e+02	-3.854701e+01	4.781081e+01	-1.811549e+01	-3.624265e-02	-3.739292e-03	1.675048e-03	-1.725606e-03
3	1.012418e+00	2.000000e-02	4.000000e-02		-1.089084e+02	-2.758953e-02	-1.087606e+01	-1.089084e+01	-2.021808e+02	-1.087606e+02	1.036901e-02	-2.758289e-02	1.098949e-01	4.447856e-01	2.567157e-01	9.823482e-02	9.036901e-02	2.189000e+08	4.310000e+13	8.077600e+03	1.243800e+04	9.327234e+01	-4.105732e+01	4.708101e+01	-1.836861e+01	-3.795854e-02	-3.696121e-03	1.635980e-03	-1.742723e-03
4	1.010844e+00	4.000000e-02	8.000000e-02		-1.456497e+02	-2.019548e-02	-1.451991e+01	-1.456497e+01	-2.002421e+02	-1.451991e+02	2.120568e-02	-2.018276e-02	1.081285e-01	4.298117e-01	2.630595e-01	9.779453e-02	1.012057e-01	2.189000e+08	4.310000e+13	8.077600e+03	1.243800e+04	5.459236e+01	-4.549378e+01	4.522066e+01	-1.873418e+01	-4.140116e-02	-3.541746e-03	1.519904e-03	-1.763713e-03
5	-1.929560e+00	8.000000e-02	4.000000e-02		-2.011584e+02	-3.753719e-03	-2.005629e+01	-2.011584e+01	-1.773563e+02	-2.005629e+02	4.441704e-02	-3.816457e-03	1.049516e-01	4.004991e-01	2.744031e-01	9.572919e-02	1.244170e-01	2.189000e+08	4.310000e+13	8.077600e+03	1.243800e+04	-2.380209e+01	-5.183843e+01	3.988711e+01	-1.888288e+01	-4.817076e-02	-2.961135e-03	1.125727e-03	-1.750801e-03
6	-1.968375e-01	4.000000e-02	2.000000e-02				-2.127645e+01		-1.717651e+02	-2.127649e+02	4.814606e-02	1.802076e-08	1.404189e-01	3.645211e-01	2.730862e-01	9.382777e-02	1.281461e-01												
7	6.820613e-01	2.000000e-02	2.000000e-02				-2.117932e+01		-1.748262e+02	-2.117936e+02	4.836457e-02	1.832135e-08	1.254088e-01	3.767655e-01	2.748329e-01	9.462825e-02	1.283646e-01												
8	1.690036e-01	2.000000e-02	2.000000e-02		-2.105111e+02	1.379200e-04	-2.108266e+01	-2.077527e+01	-1.736408e+02	-2.108269e+02	4.882937e-02	1.621781e-08	1.138205e-01	3.863737e-01	2.759464e-01	9.503008e-02	1.288294e-01	2.189000e+08	4.310000e+13	8.077600e+03	1.243800e+04	-3.687032e+01	-4.877916e+01	3.861019e+01	-1.904133e+01	-4.869145e-02	-1.678069e-03	5.962446e-04	-1.764974e-03
9	-1.768850e-01	2.000000e-02	1.000000e-02		-2.100925e+02	9.322220e-05	-2.105653e+01	-2.082280e+01	-1.708530e+02	-2.105656e+02	4.932735e-02	1.742576e-08	1.045951e-01	3.939224e-01	2.768428e-01	9.531229e-02	1.293273e-01	2.189000e+08	4.310000e+13	8.077600e+03	1.243800e+04	-3.923949e+01	-5.248384e+01	3.842516e+01	-1.855575e+01	-4.923413e-02	-2.741632e-03	9.868455e-04	-1.735807e-03
10	6.205397e-01	1.000000e-02	1.000000e-02				-2.110370e+01		-1.750023e+02	-2.110374e+02	4.846404e-02	1.740326e-08	1.155694e-01	3.849257e-01	2.759082e-01	9.513274e-02	1.284640e-01												
11	-4.499450e-03	1.000000e-02	5.000000e-03		-2.103417e+02	3.584926e-05	-2.104788e+01	-2.096247e+01	-1.735456e+02	-2.104791e+02	4.877023e-02	1.826703e-08	1.101317e-01	3.894364e-01	2.763901e-01	9.527164e-02	1.287702e-01	2.189000e+08	4.310000e+13	8.077600e+03	1.243800e+04	-3.679609e+01	-5.017033e+01	3.857550e+01	-1.873130e+01	-4.873438e-02	-2.082289e-03	7.472971e-04	-1.753177e-03
12	7.198822e-01	5.000000e-03	5.000000e-03				-2.104042e+01		-1.753512e+02	-2.104046e+02	4.829053e-02	1.904882e-08	1.156582e-01	3.850273e-01	2.758583e-01	9.516566e-02	1.282905e-01												
13	2.914295e-01	5.000000e-03	5.000000e-03		-2.103073e+02	8.419910e-06	-2.103390e+01	-2.101389e+01	-1.746881e+02	-2.103393e+02	4.847176e-02	1.828628e-08	1.129345e-01	3.872186e-01	2.761327e-01	9.524241e-02	1.284718e-01	2.189000e+08	4.310000e+13	8.077600e+03	1.243800e+04	-3.561919e+01	-4.901857e+01	3.862454e+01	-1.880527e+01	-4.846334e-02	-1.769128e-03	6.275765e-04	-1.760145e-03
14	-3.610405e-01	5.000000e-03	2.500000e-03		-2.103014e+02	5.356504e-06	-2.103289e+01	-2.101942e+01	-1.741476e+02	-2.103293e+02	4.859992e-02	1.905597e-08	1.106881e-01	3.890107e-01	2.763786e-01	9.532265e-02	1.285999e-01	2.189000e+08	4.310000e+13	8.077600e+03	1.243800e+04	-3.615379e+01	-4.990555e+01	3.858797e+01	-1.868452e+01	-4.859456e-02	-2.017010e-03	7.212184e-04	-1.753802e-03
15	6.019959e-01	2.500000e-03	2.500000e-03				-2.103415e+01		-1.751771e+02	-2.103419e+02	4.834438e-02	1.904972e-08	1.134942e-01	3.867475e-01	2.761302e-01	9.528365e-02	1.283444e-01												
16	8.838390e-01	2.500000e-03	2.500000e-03		-2.103102e+02	2.097461e-06	-2.103171e+01	-2.102682e+01	-1.747258e+02	-2.103175e+02	4.845811e-02	1.732199e-08	1.120800e-01	3.878886e-01	2.762618e-01	9.531153e-02	1.284581e-01	2.189000e+08	4.310000e+13	8.077600e+03	1.243800e+04	-3.558439e+01	-4.933174e+01	3.860790e+01	-1.871505e+01	-4.845602e-02	-1.859768e-03	6.608325e-04	-1.757152e-03
17	-2.527373e+00	2.500000e-03	1.250000e-03		-2.103116e+02	2.185191e-07	-2.103124e+01	-2.103073e+01	-1.748095e+02	-2.103128e+02	4.843381e-02	2.133430e-08	1.116540e-01	3.882154e-01	2.763387e-01	9.535808e-02	1.284338e-01	2.189000e+08	4.310000e+13	8.077600e+03	1.243800e+04	-3.550211e+01	-4.948042e+01	3.859660e+01	-1.865469e+01	-4.843359e-02	-1.904484e-03	6.766381e-04	-1.755398e-03
18	-4.894787e-02	1.250000e-03	6.250000e-04				-2.103198e+01		-1.753731e+02	-2.103203e+02	4.829109e-02	2.133225e-08	1.130001e-01	3.871247e-01	2.762318e-01	9.535222e-02	1.282911e-01												
19	6.606561e-01	6.250000e-04	6.250000e-04				-2.103160e+01		-1.751011e+02	-2.103164e+02	4.836076e-02	2.129184e-08	1.122733e-01	3.877114e-01	2.762943e-01	9.536025e-02	1.283608e-01												
20	8.528107e-01	6.250000e-04	6.250000e-04		-2.103138e+02	1.192816e-07	-2.103136e+01	-2.103115e+01	-1.749574e+02	-2.103141e+02	4.839688e-02	2.294126e-08	1.119552e-01	3.879700e-01	2.763179e-01	9.536000e-02	1.283969e-01	2.189000e+08	4.310000e+13	8.077600e+03	1.243800e+04	-3.535646e+01	-4.935396e+01	3.859946e+01	-1.865584e+01	-4.839676e-02	-1.870217e-03	6.632317e-04	-1.756015e-03
21	1.014775e+00	6.250000e-04	1.250000e-03		-2.103155e+02	5.175171e-08	-2.103150e+01	-2.103144e+01	-1.750746e+02	-2.103154e+02	4.836704e-02	2.294479e-08	1.121178e-01	3.878346e-01	2.763131e-01	9.536752e-02	1.283670e-01	2.189000e+08	4.310000e+13	8.077600e+03	1.243800e+04	-3.524091e+01	-4.928165e+01	3.859998e+01	-1.864849e+01	-4.836699e-02	-1.851262e-03	6.555640e-04	-1.756223e-03
22	9.034521e-01	1.250000e-03	2.500000e-03		-2.103170e+02	2.421231e-08	-2.103165e+01	-2.103165e+01	-1.751372e+02	-2.103170e+02	4.835084e-02	2.294499e-08	1.121156e-01	3.878311e-01	2.763240e-01	9.537839e-02	1.283508e-01	2.189000e+08	4.310000e+13	8.077600e+03	1.243800e+04	-3.517986e+01	-4.927588e+01	3.859818e+01	-1.863541e+01	-4.835082e-02	-1.850645e-03	6.549360e-04	-1.756020e-03
23	7.851375e-01	2.500000e-03	2.500000e-03		-2.103198e+02	3.561179e-08	-2.103194e+01	-2.103191e+01	-1.752219e+02	-2.103198e+02	4.832858e-02	2.130033e-08	1.120106e-01	3.879054e-01	2.763544e-01	9.540102e-02	1.283286e-01	2.189000e+08	4.310000e+13	8.077600e+03	1.243800e+04	-3.509791e+01	-4.930568e+01	3.859336e+01	-1.860717e+01	-4.832855e-02	-1.860713e-03	6.580635e-04	-1.755385e-03
24	-5.712600e+00	2.500000e-03	1.250000e-03		-2.103240e+02	7.259944e-08	-2.103235e+01	-2.103226e+01	-1.753899e+02	-2.103239e+02	4.828394e-02	2.133200e-08	1.118027e-01	3.880522e-01	2.764150e-01	9.544619e-02	1.282839e-01	2.189000e+08	4.310000e+13	8.077600e+03	1.243800e+04	-3.493416e+01	-4.936441e+01	3.858369e+01	-1.855084e+01	-4.828386e-02	-1.880702e-03	6.642462e-04	-1.754118e-03
25	-1.370213e+00	1.250000e-03	6.250000e-04				-2.103300e+01		-1.759043e+02	-2.103304e+02	4.815195e-02	1.906053e-08	1.132168e-01	3.869135e-01	2.762900e-01	9.542770e-02	1.281519e-01												
26	1.458126e-01	6.250000e-04	6.250000e-04				-2.103272e+01		-1.756764e+02	-2.103276e+02	4.821129e-02	2.129148e-08	1.124758e-01	3.875069e-01	2.763620e-01	9.544391e-02	1.282113e-01												
27	1.009780e+00	6.250000e-04	1.250000e-03		-2.103257e+02	1.336707e-07	-2.103255e+01	-2.103230e+01	-1.755371e+02	-2.103260e+02	4.824677e-02	2.293942e-08	1.121267e-01	3.877890e-01	2.763909e-01	9.544654e-02	1.282468e-01	2.189000e+08	4.310000e+13	8.077600e+03	1.243800e+04	-3.478857e+01	-4.922945e+01	3.858698e+01	-1.855379e+01	-4.824663e-02	-1.843921e-03	6.498630e-04	-1.754796e-03
28	4.502474e-01	1.250000e-03	1.250000e-03		-2.103265e+02	2.360870e-08	-2.103260e+01	-2.103260e+01	-1.756134e+02	-2.103264e+02	4.822677e-02	2.093307e-08	1.121642e-01	3.877538e-01	2.763983e-01	9.545688e-02	1.282268e-01	2.189000e+08	4.310000e+13	8.077600e+03	1.243800e+04	-3.471315e+01	-4.920748e+01	3.858571e+01	-1.854179e+01	-4.822674e-02	-1.838849e-03	6.475085e-04	-1.754684e-03
29	-2.842270e+00	1.250000e-03	6.250000e-04		-2.103280e+02	5.840490e-08	-2.103279e+01	-2.103269e+01	-1.756633e+02	-2.103283e+02	4.821291e-02	1.905945e-08	1.119772e-01	3.878942e-01	2.764356e-01	9.548016e-02	1.282129e-01	2.189000e+08	4.310000e+13	8.077600e+03	1.243800e+04	-3.466477e+01	-4.927094e+01	3.857992e+01	-1.851207e+01	-4.821285e-02	-1.858163e-03	6.542292e-04	-1.753866e-03
30	-1.664255e-01	6.250000e-04	3.125000e-04				-2.103297e+01		-1.759480e+02	-2.103301e+02	4.813979e-02	1.905835e-08	1.126469e-01	3.873521e-01	2.763830e-01	9.547823e-02	1.281398e-01												
31	6.146230e-01	3.125000e-04	3.125000e-04				-2.103288e+01		-1.758085e+02	-2.103292e+02	4.817575e-02	2.293930e-08	1.122833e-01	3.876452e-01	2.764140e-01	9.548175e-02	1.281757e-01												
32	9.158518e-01	3.125000e-04	6.250000e-04		-2.103286e+02	4.356993e-08	-2.103283e+01	-2.103277e+01	-1.757383e+02	-2.103287e+02	4.819372e-02	1.902538e-08	1.121302e-01	3.877696e-01	2.764252e-01	9.548135e-02	1.281937e-01	2.189000e+08	4.310000e+13	8.077600e+03	1.243800e+04	-3.459029e+01	-4.920660e+01	3.858130e+01	-1.851220e+01	-4.819368e-02	-1.840715e-03	6.473584e-04	-1.754164e-03
33	8.579408e-01	6.250000e-04	6.250000e-04		-2.103290e+02	2.280673e-08	-2.103286e+01	-2.103286e+01	-1.757927e+02	-2.103290e+02	4.817955e-02	1.786807e-08	1.121959e-01	3.877142e-01	2.764246e-01	9.548576e-02	1.281796e-01	2.189000e+08	4.310000e+13	8.077600e+03	1.243800e+04	-3.453629e+01	-4.917659e+01	3.858124e+01	-1.850758e+01	-4.817953e-02	-1.832917e-03	6.441436e-04	-1.754219e-03
34	8.407132e-01	6.250000e-04	6.250000e-04		-2.103298e+02	2.608749e-08	-2.103293e+01	-2.103292e+01	-1.758318e+02	-2.103298e+02	4.816898e-02	2.093217e-08	1.121356e-01	3.877575e-01	2.764406e-01	9.549732e-02	1.281690e-01	2.189000e+08	4.310000e+13	8.077600e+03	1.243800e+04	-3.449796e+01	-4.919455e+01	3.857871e+01	-1.849319e+01	-4.816896e-02	-1.838805e-03	6.460344e-04	-1.753882e-03
35	4.869720e-01	6.250000e-04	6.250000e-04		-2.103305e+02	3.173109e-08	-2.103300e+01	-2.103299e+01	-1.759268e+02	-2.103304e+02	4.814412e-02	2.093175e-08	1.122315e-01	3.876753e-01	2.764425e-01	9.550655e-02	1.281441e-01	2.189000e+08	4.310000e+13	8.077600e+03	1.243800e+04	-3.440368e+01	-4.914901e+01	3.857813e+01	-1.848311e+01	-4.814409e-02	-1.827179e-03	6.411418e-04	-1.753910e-03
36	-5.850643e-01	6.250000e-04	3.125000e-04		-2.103310e+02	3.731055e-08	-2.103307e+01	-2.103303e+01	-1.759413e+02	-2.103311e+02	4.813980e-02	2.093171e-08	1.121119e-01	3.877664e-01	2.764634e-01	9.551844e-02	1.281398e-01	2.189000e+08	4.310000e+13	8.077600e+03	1.243800e+04	-3.438976e+01	-4.919137e+01	3.857495e+01	-1.846777e+01	-4.813976e-02	-1.839756e-03	6.456435e-04	-1.753444e-03
37	4.545633e-01	3.125000e-04	3.125000e-04				-2.103313e+01		-1.760793e+02	-2.103316e+02	4.810402e-02	1.810256e-08	1.123734e-01	3.875527e-01	2.764475e-01	9.552240e-02	1.281040e-01												
38	8.609869e-01	3.125000e-04	3.125000e-04		-2.103314e+02	3.729492e-08	-2.103310e+01	-2.103306e+01	-1.760123e+02	-2.103314e+02	4.812140e-02	1.902513e-08	1.122436e-01	3.876587e-01	2.764556e-01	9.552068e-02	1.281214e-01	2.189000e+08	4.310000e+13	8.077600e+03	1.243800e+04	-3.431902e+01	-4.913529e+01	3.857589e+01	-1.846637e+01	-4.812137e-02	-1.824640e-03	6.396338e-04	-1.753674e-03
39	9.821102e-01	3.125000e-04	6.250000e-04		-2.103316e+02	2.248744e-08	-2.103312e+01	-2.103311e+01	-1.760247e+02	-2.103316e+02	4.811790e-02	1.907393e-08	1.121931e-01	3.876966e-01	2.764656e-01	9.552681e-02	1.281179e-01	2.189000e+08	4.310000e+13	8.077600e+03	1.243800e+04	-3.430691e+01	-4.915251e+01	3.857437e+01	-1.845858e+01	-4.811788e-02	-1.829864e-03	6.414621e-04	-1.753458e-03
40	2.457918e-01	6.250000e-04	6.250000e-04		-2.103319e+02	2.053306e-08	-2.103315e+01	-2.103315e+01	-1.760672e+02	-2.103318e+02	4.810666e-02	1.906697e-08	1.122228e-01	3.876700e-01	2.764685e-01	9.553201e-02	1.281067e-01	2.189000e+08	4.310000e+13	8.077600e+03	1.243800e+04	-3.426466e+01	-4.913695e+01	3.857380e+01	-1.845268e+01	-4.810664e-02	-1.826062e-03	6.397818e-04	-1.753423e-03
41	-2.560430e+00	6.250000e-04	3.125000e-04		-2.103322e+02	3.330268e-08	-2.103319e+01	-2.103316e+01	-1.760872e+02	-2.103323e+02	4.810084e-02	2.018047e-08	1.121170e-01	3.877500e-01	2.764883e-01	9.554387e-02	1.281008e-01	2.189000e+08	4.310000e+13	8.077600e+03	1.243800e+04	-3.424499e+01	-4.917364e+01	3.857076e+01	-1.843753e+01	-4.810081e-02	-1.837095e-03	6.436798e-04	-1.752987e-03
42	-5.772487e-02	3.125000e-04	1.562500e-04				-2.103324e+01		-1.762304e+02	-2.103328e+02	4.806387e-02	2.013478e-08	1.124610e-01	3.874720e-01	2.764607e-01	9.554238e-02	1.280639e-01												
43	6.194997e-01	1.562500e-04	1.562500e-04				-2.103322e+01		-1.761625e+02	-2.103325e+02	4.808140e-02	1.902456e-08	1.122808e-01	3.876170e-01	2.764763e-01	9.554437e-02	1.280814e-01												
44	9.127842e-01	1.562500e-04	3.125000e-04		-2.103324e+02	2.598610e-08	-2.103321e+01	-2.103319e+01	-1.761297e+02	-2.103324e+02	4.808988e-02	1.771539e-08	1.122065e-01	3.876773e-01	2.764820e-01	9.554436e-02	1.280899e-01	2.189000e+08	4.310000e+13	8.077600e+03	1.243800e+04	-3.420270e+01	-4.913614e+01	3.857157e+01	-1.843781e+01	-4.808985e-02	-1.826890e-03	6.396588e-04	-1.753162e-03
45	8.118922e-01	3.125000e-04	3.125000e-04		-2.103325e+02	2.413225e-08	-2.103320e+01	-2.103320e+01	-1.761578e+02	-2.103325e+02	4.808246e-02	2.299323e-08	1.122360e-01	3.876521e-01	2.764824e-01	9.554704e-02	1.280825e-01	2.189000e+08	4.310000e+13	8.077600e+03	1.243800e+04	-3.417470e+01	-4.912225e+01	3.857142e+01	-1.843490e+01	-4.808244e-02	-1.823327e-03	6.381624e-04	-1.753173e-03
46	6.755470e-01	3.125000e-04	3.125000e-04		-2.103327e+02	2.230359e-08	-2.103323e+01	-2.103322e+01	-1.761757e+02	-2.103327e+02	4.807750e-02	2.019758e-08	1.121994e-01	3.876788e-01	2.764912e-01	9.555309e-02	1.280775e-01	2.189000e+08	4.310000e+13	8.077600e+03	1.243800e+04	-3.415695e+01	-4.913370e+01	3.857004e+01	-1.842735e+01	-4.807748e-02	-1.826970e-03	6.393730e-04	-1.752986e-03
47	2.008572e-01	3.125000e-04	3.125000e-04		-2.103329e+02	2.392475e-08	-2.103325e+01	-2.103324e+01	-1.762294e+02	-2.103328e+02	4.806336e-02	1.905710e-08	1.122646e-01	3.876239e-01	2.764906e-01	9.555753e-02	1.280634e-01	2.189000e+08	4.310000e+13	8.077600e+03	1.243800e+04	-3.410343e+01	-4.910391e+01	3.856994e+01	-1.842269e+01	-4.806333e-02	-1.819208e-03	6.361631e-04	-1.753037e-03
48	-9.418789e-01	3.125000e-04	1.562500e-04		-2.103330e+02	2.705497e-08	-2.103327e+01	-2.103324e+01	-1.762276e+02	-2.103330e+02	4.806348e-02	1.905653e-08	1.121817e-01	3.876880e-01	2.765031e-01	9.556373e-02	1.280635e-01	2.189000e+08	4.310000e+13	8.077600e+03	1.243800e+04	-3.410536e+01	-4.913454e+01	3.856809e+01	-1.841452e+01	-4.806345e-02	-1.828104e-03	6.394315e-04	-1.752754e-03
49	4.223611e-01	1.562500e-04	1.562500e-04				-2.103328e+01		-1.763024e+02	-2.103332e+02	4.804405e-02	1.978530e-08	1.123425e-01	3.875574e-01	2.764916e-01	9.556444e-02	1.280440e-01												
50	7.372421e-01	1.562500e-04	1.562500e-04		-2.103331e+02	2.518064e-08	-2.103327e+01	-2.103326e+01	-1.762694e+02	-2.103331e+02	4.805263e-02	1.774222e-08	1.122665e-01	3.876190e-01	2.764974e-01	9.556450e-02	1.280526e-01	2.189000e+08	4.310000e+13	8.077600e+03	1.243800e+04	-3.406371e+01	-4.909884e+01	3.856879e+01	-1.841442e+01	-4.805260e-02	-1.818414e-03	6.355980e-04	-1.752912e-03
51	8.303212e-01	1.562500e-04	1.562500e-04		-2.103331e+02	1.988520e-08	-2.103328e+01	-2.103327e+01	-1.762708e+02	-2.103331e+02	4.805204e-02	1.764501e-08	1.122252e-01	3.876507e-01	2.765040e-01	9.556801e-02	1.280520e-01	2.189000e+08	4.310000e+13	8.077600e+03	1.243800e+04	-3.406228e+01	-4.911383e+01	3.856780e+01	-1.840985e+01	-4.805202e-02	-1.822807e-03	6.371963e-04	-1.752764e-03
52	6.102820e-01	1.562500e-04	1.562500e-04		-2.103332e+02	1.902209e-08	-2.103328e+01	-2.103328e+01	-1.762998e+02	-2.103332e+02	4.804440e-02	1.771401e-08	1.122575e-01	3.876233e-01	2.765042e-01	9.557063e-02	1.280444e-01	2.189000e+08	4.310000e+13	8.077600e+03	1.243800e+04	-3.403344e+01	-4.909882e+01	3.856768e+01	-1.840704e+01	-4.804438e-02	-1.818928e-03	6.355767e-04	-1.752781e-03
53	5.727622e-01	1.562500e-04	1.562500e-04		-2.103333e+02	1.911405e-08	-2.103329e+01	-2.103329e+01	-1.763058e+02	-2.103333e+02	4.804262e-02	1.771367e-08	1.122270e-01	3.876463e-01	2.765100e-01	9.557411e-02	1.280426e-01	2.189000e+08	4.310000e+13	8.077600e+03	1.243800e+04	-3.402741e+01	-4.910932e+01	3.856680e+01	-1.840261e+01	-4.804260e-02	-1.822094e-03	6.366939e-04	-1.752654e-03
54	2.214523e-01	1.562500e-04	1.562500e-04		-2.103333e+02	1.984131e-08	-2.103330e+01	-2.103329e+01	-1.763380e+02	-2.103333e+02	4.803414e-02	1.771490e-08	1.122703e-01	3.876101e-01	2.765090e-01	9.557646e-02	1.280341e-01	2.189000e+08	4.310000e+13	8.077600e+03	1.243800e+04	-3.399529e+01	-4.908992e+01	3.856682e+01	-1.840023e+01	-4.803412e-02	-1.816989e-03	6.346024e-04	-1.752699e-03
55	-8.256295e-01	1.562500e-04	7.812500e-05		-2.103334e+02	2.071742e-08	-2.103330e+01	-2.103329e+01	-1.763360e+02	-2.103334e+02	4.803447e-02	1.771495e-08	1.122211e-01	3.876482e-01	2.765162e-01	9.557996e-02	1.280345e-01	2.189000e+08	4.310000e+13	8.077600e+03	1.243800e+04	-3.399740e+01	-4.910818e+01	3.856576e+01	-1.839560e+01	-4.803445e-02	-1.822277e-03	6.365529e-04	-1.752534e-03
56	3.439393e-01	7.812500e-05	7.812500e-05				-2.103330e+01		-1.763774e+02	-2.103334e+02	4.802366e-02	1.917869e-08	1.123045e-01	3.875803e-01	2.765107e-01	9.558081e-02	1.280237e-01												
57	-2.000000e+00	7.812500e-05	3.906250e-05	model merit increases	-2.103334e+02	2.059521e-08	-2.103330e+01	-2.103330e+01	-1.763640e+02	-2.103334e+02	4.802716e-02	1.750282e-08	1.122759e-01	3.876035e-01	2.765127e-01	9.558065e-02	1.280272e-01	2.189000e+08	4.310000e+13	8.077600e+03	1.243800e+04	-3.396941e+01	-4.908499e+01	3.856618e+01	-1.839530e+01	-4.802714e-02	-1.815994e-03	6.340584e-04	-1.752633e-03
58	6.202127e-01	3.906250e-05	3.906250e-05				-2.103330e+01		-1.763610e+02	-2.103334e+02	4.802779e-02	2.298530e-08	1.122389e-01	3.876323e-01	2.765179e-01	9.558304e-02	1.280278e-01												
59	7.689048e-01	3.906250e-05	3.906250e-05		-2.103334e+02	1.896441e-08	-2.103331e+01	-2.103330e+01	-1.763619e+02	-2.103334e+02	4.802758e-02	1.771140e-08	1.122455e-01	3.876272e-01	2.765171e-01	9.558268e-02	1.280276e-01	2.189000e+08	4.310000e+13	8.077600e+03	1.243800e+04	-3.397152e+01	-4.909637e+01	3.856554e+01	-1.839261e+01	-4.802756e-02	-1.819278e-03	6.352757e-04	-1.752534e-03
60	6.788635e-01	3.906250e-05	3.906250e-05		-2.103334e+02	1.954838e-08	-2.103331e+01	-2.103330e+01	-1.763774e+02	-2.103334e+02	4.802346e-02	1.918378e-08	1.122604e-01	3.876143e-01	2.765175e-01	9.558428e-02	1.280235e-01	2.189000e+08	4.310000e+13	8.077600e+03	1.243800e+04	-3.395605e+01	-4.908921e+01	3.856542e+01	-1.839085e+01	-4.802344e-02	-1.817455e-03	6.345007e-04	-1.752534e-03
61	8.981023e-01	3.906250e-05	3.906250e-05		-2.103335e+02	1.959365e-08	-2.103331e+01	-2.103331e+01	-1.763829e+02	-2.103335e+02	4.802192e-02	1.918678e-08	1.122476e-01	3.876237e-01	2.765205e-01	9.558627e-02	1.280219e-01	2.189000e+08	4.310000e+13	8.077600e+03	1.243800e+04	-3.395057e+01	-4.909327e+01	3.856496e+01	-1.838836e+01	-4.802190e-02	-1.818735e-03	6.349311e-04	-1.752472e-03
62	4.240257e-01	3.906250e-05	3.906250e-05		-2.103335e+02	1.791851e-08	-2.103331e+01	-2.103331e+01	-1.763990e+02	-2.103335e+02	4.801764e-02	1.750161e-08	1.122644e-01	3.876094e-01	2.765208e-01	9.558783e-02	1.280176e-01	2.189000e+08	4.310000e+13	8.077600e+03	1.243800e+04	-3.393450e+01	-4.908537e+01	3.856486e+01	-1.838667e+01	-4.801762e-02	-1.816706e-03	6.340768e-04	-1.752477e-03
63	7.142892e-02	3.906250e-05	3.906250e-05		-2.103335e+02	1.813020e-08	-2.103331e+01	-2.103331e+01	-1.764020e+02	-2.103335e+02	4.801675e-02	1.750167e-08	1.122455e-01	3.876237e-01	2.765242e-01	9.558986e-02	1.280167e-01	2.189000e+08	4.310000e+13	8.077600e+03	1.243800e+04	-3.393154e+01	-4.909197e+01	3.856434e+01	-1.838409e+01	-4.801673e-02	-1.818681e-03	6.347793e-04	-1.752401e-03
64	-4.121504e-02	3.906250e-05	1.953125e-05		-2.103335e+02	1.888168e-08	-2.103332e+01	-2.103331e+01	-1.764235e+02	-2.103335e+02	4.801110e-02	1.750188e-08	1.122815e-01	3.875941e-01	2.765225e-01	9.559087e-02	1.280111e-01	2.189000e+08	4.310000e+13	8.077600e+03	1.243800e+04	-3.391004e+01	-4.907638e+01	3.856452e+01	-1.838322e+01	-4.801108e-02	-1.814504e-03	6.331002e-04	-1.752455e-03
65	-6.179997e-02	1.953125e-05	9.765625e-06				-2.103332e+01		-1.764168e+02	-2.103335e+02	4.801272e-02	1.750183e-08	1.122416e-01	3.876254e-01	2.765274e-01	9.559282e-02	1.280127e-01												
66	-4.155470e-02	9.765625e-06	4.882813e-06				-2.103332e+01		-1.764172e+02	-2.103335e+02	4.801263e-02	1.773645e-08	1.122437e-01	3.876237e-01	2.765272e-01	9.559272e-02	1.280126e-01												
67	-3.610684e-02	4.882813e-06	2.441406e-06				-2.103332e+01		-1.764173e+02	-2.103335e+02	4.801260e-02	1.773635e-08	1.122443e-01	3.876233e-01	2.765271e-01	9.559269e-02	1.280126e-01												
68	-3.479468e-02	2.441406e-06	1.220703e-06				-2.103332e+01		-1.764173e+02	-2.103335e+02	4.801260e-02	1.773632e-08	1.122444e-01	3.876232e-01	2.765271e-01	9.559269e-02	1.280126e-01												
69	-3.447006e-02	1.220703e-06	6.103516e-07				-2.103332e+01		-1.764173e+02	-2.103335e+02	4.801259e-02	1.773632e-08	1.122445e-01	3.876232e-01	2.765271e-01	9.559269e-02	1.280126e-01												
70	-3.438896e-02	6.103516e-07	3.051758e-07				-2.103332e+01		-1.764173e+02	-2.103335e+02	4.801259e-02	1.773631e-08	1.122445e-01	3.876232e-01	2.765271e-01	9.559269e-02	1.280126e-01												
71	-3.436878e-02	3.051758e-07	1.525879e-07				-2.103332e+01		-1.764173e+02	-2.103335e+02	4.801259e-02	1.773631e-08	1.122445e-01	3.876232e-01	2.765271e-01	9.559269e-02	1.280126e-01												
72	-3.436369e-02	1.525879e-07	7.629395e-08				-2.103332e+01		-1.764173e+02	-2.103335e+02	4.801259e-02	1.773631e-08	1.122445e-01	3.876232e-01	2.765271e-01	9.559269e-02	1.280126e-01												
73	-3.436250e-02	7.629395e-08	3.814697e-08				-2.103332e+01		-1.764173e+02	-2.103335e+02	4.801259e-02	1.773631e-08	1.122445e-01	3.876232e-01	2.765271e-01	9.559269e-02	1.280126e-01												
74	-3.436213e-02	3.814697e-08	1.907349e-08				-2.103332e+01		-1.764173e+02	-2.103335e+02	4.801259e-02	1.773631e-08	1.122445e-01	3.876232e-01	2.765271e-01	9.559269e-02	1.280126e-01												
75	-3.451776e-02	1.907349e-08	1.000000e-08	trust region too small			-2.103332e+01		-1.764173e+02	-2.103335e+02	4.801259e-02	1.773631e-08	1.122445e-01	3.876232e-01	2.765271e-01	9.559269e-02	1.280126e-01												
76	-3.455538e-02	1.000000e-08	1.000000e-08	trust region too small			-2.103332e+01		-1.764173e+02	-2.103335e+02	4.801259e-02	1.773631e-08	1.122445e-01	3.876232e-01	2.765271e-01	9.559269e-02	1.280126e-01												
77	-3.455538e-02	1.000000e-08	1.000000e-08	trust region too small			-2.103332e+01		-1.764173e+02	-2.103335e+02	4.801259e-02	1.773631e-08	1.122445e-01	3.876232e-01	2.765271e-01	9.559269e-02	1.280126e-01												
78	-3.455539e-02	1.000000e-08	1.000000e-08	trust region too small			-2.103332e+01		-1.764173e+02	-2.103335e+02	4.801259e-02	1.773631e-08	1.122445e-01	3.876232e-01	2.765271e-01	9.559269e-02	1.280126e-01												
79	-3.455539e-02	1.000000e-08	1.000000e-08	trust region too small			-2.103332e+01		-1.764173e+02	-2.103335e+02	4.801259e-02	1.773631e-08	1.122445e-01	3.876232e-01	2.765271e-01	9.559269e-02	1.280126e-01												
80		1.000000e-08					-2.103332e+01		-1.764173e+02	-2.103335e+02	4.801259e-02	1.773631e-08	1.122445e-01	3.876232e-01	2.765271e-01	9.559269e-02	1.280126e-01												
