RTO_iter	rho	tr	tr_adjusted	event	base_cost	base_con	merit	base_merit	cost_unmodified	cost	con_unmodified	con	XFr_A	XFr_B	XFr_E	XFr_P	XFr_G	Ka1	Ka2	Kb1	Kb2	cost_eps	Fa_cost_lam	Fb_cost_lam	Tr_cost_lam	con_eps	Fa_con_lam	Fb_con_lam	Tr_con_lam
0																		2.189000e+08	4.310000e+13	8.077600e+03	1.243800e+04	0.000000e+00	0.000000e+00	0.000000e+00	0.000000e+00	0.000000e+00	0.000000e+00	0.000000e+00	0.000000e+00
1	1.007575e+00	1.000000e-02	2.000000e-02		-7.752530e+01	-3.276256e-02	1.113673e+02	-7.752530e+00	-1.992171e+02	-1.992171e+02	2.625780e-03	2.625780e-03	1.113367e-01	4.560977e-01	2.516545e-01	9.828534e-02	8.262578e-02	2.189000e+08	4.310000e+13	8.077600e+03	1.243800e+04	1.216918e+02	-3.722328e+01	4.812623e+01	-1.797171e+01	-3.538834e-02	-3.752642e-03	1.690099e-03	-1.715440e-03
2	1.013284e+00	2.000000e-02	4.000000e-02		-9.880560e+01	-2.935033e-02	-9.864561e+00	-9.880560e+00	-2.016204e+02	-9.864561e+01	7.748248e-03	-2.934244e-02	1.103633e-01	4.485519e-01	2.550573e-01	9.827925e-02	8.774825e-02	2.189000e+08	4.310000e+13	8.077600e+03	1.243800e+04	1.028148e+02	-3.982469e+01	4.746247e+01	-1.824713e+01	-3.709857e-02	-3.720553e-03	1.657052e-03	-1.734685e-03
3	1.014001e+00	4.000000e-02	8.000000e-02		-1.370132e+02	-2.209933e-02	-1.365123e+01	-1.370132e+01	-2.013493e+02	-1.365123e+02	1.843845e-02	-2.208144e-02	1.085514e-01	4.335486e-01	2.615163e-01	9.794531e-02	9.843845e-02	2.189000e+08	4.310000e+13	8.077600e+03	1.243800e+04	6.433616e+01	-4.445945e+01	4.573605e+01	-1.865826e+01	-4.053778e-02	-3.589493e-03	1.553974e-03	-1.760088e-03
4	-4.875243e+01	8.000000e-02	4.000000e-02		-1.955252e+02	-5.934115e-03	-1.947173e+01	-1.955252e+01	-1.815535e+02	-1.947173e+02	4.139881e-02	-5.975614e-03	1.053121e-01	4.041336e-01	2.730812e-01	9.607431e-02	1.213988e-01	2.189000e+08	4.310000e+13	8.077600e+03	1.243800e+04	-1.397173e+01	-5.123901e+01	4.067125e+01	-1.890011e+01	-4.733292e-02	-3.055967e-03	1.188128e-03	-1.756286e-03
5	-1.572397e+01	4.000000e-02	2.000000e-02				-2.126640e+01		-1.718244e+02	-2.126643e+02	4.797467e-02	6.274855e-10	1.427219e-01	3.624853e-01	2.729842e-01	9.383390e-02	1.279747e-01												
6	-2.554267e+00	2.000000e-02	1.000000e-02				-2.117081e+01		-1.754410e+02	-2.117085e+02	4.828997e-02	8.977552e-10	1.241394e-01	3.776928e-01	2.750941e-01	9.478373e-02	1.282900e-01												
7	9.985038e-01	1.000000e-02	2.000000e-02				-2.106899e+01		-1.730610e+02	-2.106904e+02	4.895723e-02	8.977598e-10	1.113532e-01	3.883878e-01	2.761917e-01	9.511009e-02	1.289572e-01												
8	-1.526577e+01	2.000000e-02	1.000000e-02		-2.064246e+02	-1.538977e-03	-2.064409e+01	-2.064246e+01	-1.728241e+02	-2.064409e+02	4.746129e-02	-1.549683e-03	1.046818e-01	3.968085e-01	2.756903e-01	9.535806e-02	1.274613e-01	2.189000e+08	4.310000e+13	8.077600e+03	1.243800e+04	-3.360045e+01	-5.234786e+01	3.907277e+01	-1.886061e+01	-4.900027e-02	-2.850002e-03	1.056058e-03	-1.744532e-03
9	-3.683651e+00	1.000000e-02	5.000000e-03				-2.109108e+01		-1.736957e+02	-2.109112e+02	4.880177e-02	8.977249e-10	1.151085e-01	3.853646e-01	2.757727e-01	9.495243e-02	1.288018e-01												
10	-6.651488e-02	5.000000e-03	2.500000e-03				-2.103546e+01		-1.719477e+02	-2.103550e+02	4.915306e-02	8.977340e-10	1.094410e-01	3.901029e-01	2.762361e-01	9.506703e-02	1.291531e-01												
11	9.991757e-01	2.500000e-03	5.000000e-03				-2.100271e+01		-1.705059e+02	-2.100275e+02	4.940287e-02	8.977350e-10	1.063098e-01	3.927460e-01	2.764504e-01	9.509091e-02	1.294029e-01												
12	-2.960856e+00	5.000000e-03	2.500000e-03		-2.089166e+02	-4.183748e-04	-2.089186e+01	-2.089166e+01	-1.704146e+02	-2.089186e+02	4.899545e-02	-4.191710e-04	1.045349e-01	3.949802e-01	2.763253e-01	9.516416e-02	1.289954e-01	2.189000e+08	4.310000e+13	8.077600e+03	1.243800e+04	-3.850202e+01	-5.258655e+01	3.865214e+01	-1.884465e+01	-4.941382e-02	-2.793885e-03	1.020343e-03	-1.740920e-03
13	-1.248517e-01	2.500000e-03	1.250000e-03				-2.101049e+01		-1.708777e+02	-2.101053e+02	4.933952e-02	8.978629e-10	1.071177e-01	3.920716e-01	2.763895e-01	9.508160e-02	1.293395e-01												
14	7.559229e-01	1.250000e-03	1.250000e-03				-2.099532e+01		-1.701709e+02	-2.099536e+02	4.945753e-02	8.978123e-10	1.057063e-01	3.932636e-01	2.764834e-01	9.508920e-02	1.294575e-01												
15	5.888700e-02	1.250000e-03	1.250000e-03		-2.098651e+02	4.624952e-07	-2.098654e+01	-2.096338e+01	-1.697363e+02	-2.098658e+02	4.952849e-02	8.977101e-10	1.049049e-01	3.939422e-01	2.765337e-01	9.509070e-02	1.295285e-01	2.189000e+08	4.310000e+13	8.077600e+03	1.243800e+04	-4.012880e+01	-5.249088e+01	3.850579e+01	-1.884950e+01	-4.952803e-02	-2.720026e-03	9.882195e-04	-1.740983e-03
16	1.856916e-01	1.250000e-03	1.250000e-03		-2.099328e+02	5.625977e-07	-2.099343e+01	-2.096515e+01	-1.701092e+02	-2.099348e+02	4.946634e-02	8.978613e-10	1.055854e-01	3.933683e-01	2.764903e-01	9.508970e-02	1.294663e-01	2.189000e+08	4.310000e+13	8.077600e+03	1.243800e+04	-3.982363e+01	-5.220214e+01	3.852456e+01	-1.886837e+01	-4.946578e-02	-2.636354e-03	9.584660e-04	-1.743303e-03
17	1.712164e-01	1.250000e-03	1.250000e-03		-2.099935e+02	5.563726e-07	-2.099950e+01	-2.097153e+01	-1.704729e+02	-2.099954e+02	4.940329e-02	8.978595e-10	1.062666e-01	3.927965e-01	2.764454e-01	9.508827e-02	1.294033e-01	2.189000e+08	4.310000e+13	8.077600e+03	1.243800e+04	-3.952055e+01	-5.191387e+01	3.854226e+01	-1.888672e+01	-4.940273e-02	-2.553449e-03	9.287394e-04	-1.745550e-03
18	1.561471e-01	1.250000e-03	1.250000e-03		-2.100473e+02	5.498714e-07	-2.100488e+01	-2.097724e+01	-1.708275e+02	-2.100492e+02	4.933944e-02	8.978575e-10	1.069482e-01	3.922267e-01	2.763992e-01	9.508645e-02	1.293394e-01	2.189000e+08	4.310000e+13	8.077600e+03	1.243800e+04	-3.921981e+01	-5.162617e+01	3.855886e+01	-1.890449e+01	-4.933889e-02	-2.471327e-03	8.990446e-04	-1.747723e-03
19	1.417618e-01	1.250000e-03	1.250000e-03		-2.100944e+02	5.430668e-07	-2.100957e+01	-2.098229e+01	-1.711733e+02	-2.100963e+02	4.927471e-02	1.097854e-09	1.076300e-01	3.916592e-01	2.763518e-01	9.508432e-02	1.292747e-01	2.189000e+08	4.310000e+13	8.077600e+03	1.243800e+04	-3.892112e+01	-5.133917e+01	3.857435e+01	-1.892159e+01	-4.927417e-02	-2.390019e-03	8.693941e-04	-1.749819e-03
20	1.268089e-01	1.250000e-03	1.250000e-03		-2.101348e+02	5.350150e-07	-2.101362e+01	-2.098673e+01	-1.715107e+02	-2.101366e+02	4.920904e-02	8.978538e-10	1.083111e-01	3.910945e-01	2.763034e-01	9.508200e-02	1.292090e-01	2.189000e+08	4.310000e+13	8.077600e+03	1.243800e+04	-3.862413e+01	-5.105306e+01	3.858870e+01	-1.893789e+01	-4.920851e-02	-2.309584e-03	8.398083e-04	-1.751835e-03
21	1.148154e-01	1.250000e-03	1.250000e-03		-2.101686e+02	5.258446e-07	-2.101698e+01	-2.099056e+01	-1.718402e+02	-2.101703e+02	4.914231e-02	1.097850e-09	1.089907e-01	3.905332e-01	2.762542e-01	9.507964e-02	1.291423e-01	2.189000e+08	4.310000e+13	8.077600e+03	1.243800e+04	-3.832834e+01	-5.076819e+01	3.860188e+01	-1.895316e+01	-4.914178e-02	-2.230124e-03	8.103244e-04	-1.753768e-03
22	1.094259e-01	1.250000e-03	1.250000e-03		-2.101959e+02	5.135064e-07	-2.101970e+01	-2.099391e+01	-1.721627e+02	-2.101975e+02	4.907434e-02	1.097848e-09	1.096665e-01	3.899771e-01	2.762046e-01	9.507752e-02	1.290743e-01	2.189000e+08	4.310000e+13	8.077600e+03	1.243800e+04	-3.803314e+01	-5.048531e+01	3.861384e+01	-1.896708e+01	-4.907382e-02	-2.151849e-03	7.810172e-04	-1.755607e-03
23	1.262136e-01	1.250000e-03	1.250000e-03		-2.102168e+02	4.944500e-07	-2.102180e+01	-2.099696e+01	-1.724791e+02	-2.102184e+02	4.900494e-02	8.978485e-10	1.103338e-01	3.894296e-01	2.761555e-01	9.507611e-02	1.290049e-01	2.189000e+08	4.310000e+13	8.077600e+03	1.243800e+04	-3.773778e+01	-5.020640e+01	3.862410e+01	-1.897935e+01	-4.900445e-02	-2.075249e-03	7.520444e-04	-1.757347e-03
24	2.279204e-01	1.250000e-03	1.250000e-03		-2.102319e+02	4.581516e-07	-2.102328e+01	-2.100028e+01	-1.727899e+02	-2.102332e+02	4.893402e-02	8.978464e-10	1.109805e-01	3.889002e-01	2.761089e-01	9.507642e-02	1.289340e-01	2.189000e+08	4.310000e+13	8.077600e+03	1.243800e+04	-3.744202e+01	-4.993527e+01	3.863316e+01	-1.898789e+01	-4.893356e-02	-2.001579e-03	7.239043e-04	-1.758916e-03
25	6.534212e-01	1.250000e-03	1.250000e-03		-2.102419e+02	3.690490e-07	-2.102423e+01	-2.100574e+01	-1.730910e+02	-2.102427e+02	4.886274e-02	8.978446e-10	1.115636e-01	3.884226e-01	2.760702e-01	9.508087e-02	1.288627e-01	2.189000e+08	4.310000e+13	8.077600e+03	1.243800e+04	-3.715093e+01	-4.968860e+01	3.863989e+01	-1.898968e+01	-4.886237e-02	-1.935406e-03	6.982855e-04	-1.760194e-03
26	9.768984e-01	1.250000e-03	2.500000e-03		-2.102491e+02	1.336827e-07	-2.102485e+01	-2.101822e+01	-1.733389e+02	-2.102489e+02	4.880241e-02	8.978450e-10	1.119132e-01	3.881319e-01	2.760578e-01	9.509477e-02	1.288024e-01	2.189000e+08	4.310000e+13	8.077600e+03	1.243800e+04	-3.691018e+01	-4.953394e+01	3.864195e+01	-1.897660e+01	-4.880227e-02	-1.895155e-03	6.822306e-04	-1.760725e-03
27	-6.899436e-01	2.500000e-03	1.250000e-03		-2.102557e+02	4.822407e-09	-2.102550e+01	-2.102533e+01	-1.734827e+02	-2.102554e+02	4.876712e-02	8.978437e-10	1.119472e-01	3.880945e-01	2.760757e-01	9.511548e-02	1.287671e-01	2.189000e+08	4.310000e+13	8.077600e+03	1.243800e+04	-3.677298e+01	-4.950704e+01	3.863908e+01	-1.895173e+01	-4.876711e-02	-1.889810e-03	6.794422e-04	-1.760427e-03
28	8.585610e-01	1.250000e-03	1.250000e-03				-2.102673e+01		-1.736647e+02	-2.102677e+02	4.872226e-02	8.978444e-10	1.117496e-01	3.882337e-01	2.761346e-01	9.515987e-02	1.287223e-01												
29	8.424612e-01	1.250000e-03	1.250000e-03		-2.102623e+02	3.733170e-09	-2.102616e+01	-2.102604e+01	-1.736166e+02	-2.102620e+02	4.873425e-02	8.978413e-10	1.119564e-01	3.880769e-01	2.760959e-01	9.513655e-02	1.287342e-01	2.189000e+08	4.310000e+13	8.077600e+03	1.243800e+04	-3.664573e+01	-4.949035e+01	3.863581e+01	-1.892617e+01	-4.873425e-02	-1.887219e-03	6.777046e-04	-1.760068e-03
30	8.354708e-01	1.250000e-03	1.250000e-03		-2.102686e+02	3.738696e-09	-2.102679e+01	-2.102667e+01	-1.737500e+02	-2.102683e+02	4.870134e-02	8.978381e-10	1.119656e-01	3.880593e-01	2.761162e-01	9.515763e-02	1.287013e-01	2.189000e+08	4.310000e+13	8.077600e+03	1.243800e+04	-3.651857e+01	-4.947362e+01	3.863252e+01	-1.890063e+01	-4.870133e-02	-1.884604e-03	6.759551e-04	-1.759708e-03
31	8.280279e-01	1.250000e-03	1.250000e-03		-2.102746e+02	3.749639e-09	-2.102739e+01	-2.102727e+01	-1.738830e+02	-2.102743e+02	4.866840e-02	8.978358e-10	1.119747e-01	3.880417e-01	2.761364e-01	9.517874e-02	1.286684e-01	2.189000e+08	4.310000e+13	8.077600e+03	1.243800e+04	-3.639158e+01	-4.945689e+01	3.862922e+01	-1.887508e+01	-4.866839e-02	-1.881987e-03	6.742016e-04	-1.759346e-03
32	8.200024e-01	1.250000e-03	1.250000e-03		-2.102803e+02	3.759553e-09	-2.102796e+01	-2.102784e+01	-1.740156e+02	-2.102800e+02	4.863542e-02	8.978341e-10	1.119840e-01	3.880241e-01	2.761567e-01	9.519988e-02	1.286354e-01	2.189000e+08	4.310000e+13	8.077600e+03	1.243800e+04	-3.626469e+01	-4.944011e+01	3.862590e+01	-1.884953e+01	-4.863541e-02	-1.879351e-03	6.724379e-04	-1.758984e-03
33	8.112164e-01	1.250000e-03	1.250000e-03		-2.102857e+02	3.768208e-09	-2.102850e+01	-2.102838e+01	-1.741478e+02	-2.102855e+02	4.860240e-02	8.978314e-10	1.119932e-01	3.880064e-01	2.761770e-01	9.522104e-02	1.286024e-01	2.189000e+08	4.310000e+13	8.077600e+03	1.243800e+04	-3.613793e+01	-4.942332e+01	3.862258e+01	-1.882398e+01	-4.860240e-02	-1.876703e-03	6.706667e-04	-1.758621e-03
34	8.015861e-01	1.250000e-03	1.250000e-03		-2.102908e+02	3.777015e-09	-2.102902e+01	-2.102890e+01	-1.742795e+02	-2.102906e+02	4.856935e-02	8.978285e-10	1.120024e-01	3.879887e-01	2.761973e-01	9.524222e-02	1.285693e-01	2.189000e+08	4.310000e+13	8.077600e+03	1.243800e+04	-3.601130e+01	-4.940650e+01	3.861925e+01	-1.879843e+01	-4.856935e-02	-1.874043e-03	6.688875e-04	-1.758258e-03
35	7.909831e-01	1.250000e-03	1.250000e-03		-2.102957e+02	3.785868e-09	-2.102950e+01	-2.102938e+01	-1.744109e+02	-2.102954e+02	4.853626e-02	8.978265e-10	1.120117e-01	3.879709e-01	2.762177e-01	9.526342e-02	1.285363e-01	2.189000e+08	4.310000e+13	8.077600e+03	1.243800e+04	-3.588480e+01	-4.938965e+01	3.861590e+01	-1.877287e+01	-4.853626e-02	-1.871370e-03	6.671004e-04	-1.757893e-03
36	1.000000e+00	1.250000e-03		plant converges	-2.103002e+02	3.794766e-09	-2.102995e+01	-2.102983e+01	-1.745418e+02	-2.103000e+02	4.850314e-02	8.978240e-10	1.120209e-01	3.879532e-01	2.762381e-01	9.528465e-02	1.285031e-01	2.189000e+08	4.310000e+13	8.077600e+03	1.243800e+04	-3.575843e+01	-4.937278e+01	3.861254e+01	-1.874732e+01	-4.850313e-02	-1.868685e-03	6.653054e-04	-1.757527e-03
37	1.000000e+00	1.250000e-03		plant converges	-2.103002e+02	3.795840e-09	-2.102983e+01	-2.102983e+01	-1.745418e+02	-2.103002e+02	4.850314e-02	3.794766e-09	1.120209e-01	3.879532e-01	2.762381e-01	9.528465e-02	1.285031e-01	2.189000e+08	4.310000e+13	8.077600e+03	1.243800e+04	-3.575843e+01	-4.937274e+01	3.861259e+01	-1.874728e+01	-4.850313e-02	-1.868696e-03	6.652946e-04	-1.757538e-03
38	8.127247e-01	1.250000e-03	1.250000e-03		-2.103002e+02	3.795840e-09	-2.102983e+01	-2.102983e+01	-1.745418e+02	-2.103002e+02	4.850314e-02	3.795840e-09	1.120209e-01	3.879532e-01	2.762381e-01	9.528465e-02	1.285031e-01	2.189000e+08	4.310000e+13	8.077600e+03	1.243800e+04	-3.575843e+01	-4.937274e+01	3.861259e+01	-1.874728e+01	-4.850313e-02	-1.868696e-03	6.652946e-04	-1.757538e-03
39	7.580951e-01	1.250000e-03	1.250000e-03		-2.103045e+02	3.435901e-09	-2.103038e+01	-2.103028e+01	-1.746724e+02	-2.103043e+02	4.846996e-02	8.978219e-10	1.120304e-01	3.879353e-01	2.762585e-01	9.530591e-02	1.284700e-01	2.189000e+08	4.310000e+13	8.077600e+03	1.243800e+04	-3.563212e+01	-4.935582e+01	3.860918e+01	-1.872178e+01	-4.846996e-02	-1.865969e-03	6.634956e-04	-1.757161e-03
40	7.510614e-01	1.250000e-03	1.250000e-03		-2.103085e+02	3.807212e-09	-2.103078e+01	-2.103066e+01	-1.748024e+02	-2.103082e+02	4.843679e-02	8.978193e-10	1.120394e-01	3.879177e-01	2.762789e-01	9.532719e-02	1.284368e-01	2.189000e+08	4.310000e+13	8.077600e+03	1.243800e+04	-3.550610e+01	-4.933901e+01	3.860580e+01	-1.869622e+01	-4.843679e-02	-1.863289e-03	6.616961e-04	-1.756793e-03
41	7.357062e-01	1.250000e-03	1.250000e-03		-2.103122e+02	3.826378e-09	-2.103115e+01	-2.103102e+01	-1.749321e+02	-2.103119e+02	4.840354e-02	8.978169e-10	1.120489e-01	3.878997e-01	2.762993e-01	9.534849e-02	1.284035e-01	2.189000e+08	4.310000e+13	8.077600e+03	1.243800e+04	-3.538003e+01	-4.932198e+01	3.860241e+01	-1.867068e+01	-4.840353e-02	-1.860541e-03	6.598674e-04	-1.756425e-03
42	7.158239e-01	1.250000e-03	1.250000e-03		-2.103155e+02	3.826362e-09	-2.103148e+01	-2.103136e+01	-1.750613e+02	-2.103153e+02	4.837029e-02	8.978143e-10	1.120581e-01	3.878820e-01	2.763198e-01	9.536982e-02	1.283703e-01	2.189000e+08	4.310000e+13	8.077600e+03	1.243800e+04	-3.525425e+01	-4.930510e+01	3.859900e+01	-1.864512e+01	-4.837029e-02	-1.857828e-03	6.580493e-04	-1.756055e-03
43	6.961104e-01	1.250000e-03	1.250000e-03		-2.103186e+02	3.845292e-09	-2.103179e+01	-2.103167e+01	-1.751902e+02	-2.103184e+02	4.833696e-02	8.978119e-10	1.120677e-01	3.878639e-01	2.763403e-01	9.539117e-02	1.283370e-01	2.189000e+08	4.310000e+13	8.077600e+03	1.243800e+04	-3.512843e+01	-4.928801e+01	3.859559e+01	-1.861958e+01	-4.833696e-02	-1.855050e-03	6.562030e-04	-1.755686e-03
44	6.686600e-01	1.250000e-03	1.250000e-03		-2.103214e+02	3.841854e-09	-2.103207e+01	-2.103195e+01	-1.753185e+02	-2.103212e+02	4.830365e-02	8.978092e-10	1.120767e-01	3.878463e-01	2.763609e-01	9.541255e-02	1.283036e-01	2.189000e+08	4.310000e+13	8.077600e+03	1.243800e+04	-3.500295e+01	-4.927113e+01	3.859216e+01	-1.859402e+01	-4.830365e-02	-1.852327e-03	6.543743e-04	-1.755314e-03
45	6.452343e-01	1.250000e-03	1.250000e-03		-2.103240e+02	3.871181e-09	-2.103233e+01	-2.103220e+01	-1.754467e+02	-2.103237e+02	4.827022e-02	8.978073e-10	1.120866e-01	3.878279e-01	2.763814e-01	9.543394e-02	1.282702e-01	2.189000e+08	4.310000e+13	8.077600e+03	1.243800e+04	-3.487726e+01	-4.925385e+01	3.858873e+01	-1.856848e+01	-4.827021e-02	-1.849485e-03	6.524969e-04	-1.754943e-03
46	5.954517e-01	1.250000e-03	1.250000e-03		-2.103262e+02	3.843359e-09	-2.103255e+01	-2.103242e+01	-1.755738e+02	-2.103259e+02	4.823691e-02	8.978042e-10	1.120948e-01	3.878109e-01	2.764020e-01	9.545538e-02	1.282369e-01	2.189000e+08	4.310000e+13	8.077600e+03	1.243800e+04	-3.475235e+01	-4.923727e+01	3.858527e+01	-1.854290e+01	-4.823691e-02	-1.846831e-03	6.506887e-04	-1.754567e-03
47	5.858266e-01	1.250000e-03	1.250000e-03		-2.103281e+02	3.952206e-09	-2.103274e+01	-2.103261e+01	-1.757021e+02	-2.103278e+02	4.820317e-02	8.978020e-10	1.121073e-01	3.877904e-01	2.764224e-01	9.547679e-02	1.282032e-01	2.189000e+08	4.310000e+13	8.077600e+03	1.243800e+04	-3.462603e+01	-4.921894e+01	3.858184e+01	-1.851743e+01	-4.820317e-02	-1.843687e-03	6.486879e-04	-1.754200e-03
48	-3.342642e-02	1.250000e-03	6.250000e-04		-2.103297e+02	3.774928e-09	-2.103290e+01	-2.103278e+01	-1.758253e+02	-2.103295e+02	4.817058e-02	8.977993e-10	1.121071e-01	3.877801e-01	2.764438e-01	9.549839e-02	1.281706e-01	2.189000e+08	4.310000e+13	8.077600e+03	1.243800e+04	-3.450445e+01	-4.920573e+01	3.857825e+01	-1.849164e+01	-4.817058e-02	-1.841949e-03	6.472279e-04	-1.753803e-03
49	-7.589509e+00	6.250000e-04	3.125000e-04				-2.103304e+01		-1.759670e+02	-2.103308e+02	4.813314e-02	8.977970e-10	1.121592e-01	3.877278e-01	2.764606e-01	9.551927e-02	1.281331e-01												
50	-2.351408e+00	3.125000e-04	1.562500e-04				-2.103300e+01		-1.759465e+02	-2.103304e+02	4.813910e-02	8.977948e-10	1.122929e-01	3.876262e-01	2.764365e-01	9.550523e-02	1.281391e-01												
51	-2.420986e-01	1.562500e-04	7.812500e-05				-2.103297e+01		-1.758912e+02	-2.103301e+02	4.815351e-02	8.977944e-10	1.122152e-01	3.876910e-01	2.764388e-01	9.550155e-02	1.281535e-01												
52	3.817739e-01	7.812500e-05	7.812500e-05				-2.103295e+01		-1.758630e+02	-2.103300e+02	4.816082e-02	8.977943e-10	1.121698e-01	3.877284e-01	2.764408e-01	9.550012e-02	1.281608e-01												
53	5.560341e-01	7.812500e-05	7.812500e-05		-2.103299e+02	2.891530e-09	-2.103294e+01	-2.103284e+01	-1.758512e+02	-2.103299e+02	4.816388e-02	8.977943e-10	1.121504e-01	3.877445e-01	2.764417e-01	9.549956e-02	1.281639e-01	2.189000e+08	4.310000e+13	8.077600e+03	1.243800e+04	-3.447872e+01	-4.918701e+01	3.857849e+01	-1.849067e+01	-4.816388e-02	-1.836944e-03	6.452245e-04	-1.753871e-03
54	6.382372e-01	7.812500e-05	7.812500e-05		-2.103300e+02	1.924377e-09	-2.103296e+01	-2.103291e+01	-1.758734e+02	-2.103300e+02	4.815809e-02	8.977938e-10	1.121801e-01	3.877196e-01	2.764410e-01	9.550116e-02	1.281581e-01	2.189000e+08	4.310000e+13	8.077600e+03	1.243800e+04	-3.445661e+01	-4.917368e+01	3.857853e+01	-1.848905e+01	-4.815809e-02	-1.833447e-03	6.437961e-04	-1.753903e-03
55	6.254903e-01	7.812500e-05	7.812500e-05		-2.103302e+02	1.379966e-09	-2.103297e+01	-2.103295e+01	-1.758920e+02	-2.103302e+02	4.815324e-02	8.977929e-10	1.121977e-01	3.877045e-01	2.764416e-01	9.550304e-02	1.281532e-01	2.189000e+08	4.310000e+13	8.077600e+03	1.243800e+04	-3.443823e+01	-4.916522e+01	3.857839e+01	-1.848697e+01	-4.815323e-02	-1.831301e-03	6.428864e-04	-1.753905e-03
56	5.838227e-01	7.812500e-05	7.812500e-05		-2.103303e+02	1.188645e-09	-2.103299e+01	-2.103297e+01	-1.759079e+02	-2.103303e+02	4.814905e-02	8.977933e-10	1.122074e-01	3.876956e-01	2.764429e-01	9.550508e-02	1.281490e-01	2.189000e+08	4.310000e+13	8.077600e+03	1.243800e+04	-3.442247e+01	-4.915992e+01	3.857815e+01	-1.848464e+01	-4.814905e-02	-1.830029e-03	6.423137e-04	-1.753888e-03
57	5.582547e-01	7.812500e-05	7.812500e-05		-2.103305e+02	1.136988e-09	-2.103300e+01	-2.103299e+01	-1.759223e+02	-2.103305e+02	4.814524e-02	8.977934e-10	1.122129e-01	3.876902e-01	2.764445e-01	9.550719e-02	1.281452e-01	2.189000e+08	4.310000e+13	8.077600e+03	1.243800e+04	-3.440822e+01	-4.915636e+01	3.857785e+01	-1.848217e+01	-4.814524e-02	-1.829239e-03	6.419274e-04	-1.753860e-03
58	5.454285e-01	7.812500e-05	7.812500e-05		-2.103306e+02	1.125194e-09	-2.103302e+01	-2.103300e+01	-1.759358e+02	-2.103306e+02	4.814164e-02	8.977924e-10	1.122161e-01	3.876865e-01	2.764464e-01	9.550933e-02	1.281416e-01	2.189000e+08	4.310000e+13	8.077600e+03	1.243800e+04	-3.439476e+01	-4.915371e+01	3.857752e+01	-1.847965e+01	-4.814164e-02	-1.828700e-03	6.416385e-04	-1.753827e-03
59	5.373186e-01	7.812500e-05	7.812500e-05		-2.103307e+02	1.123194e-09	-2.103303e+01	-2.103302e+01	-1.759490e+02	-2.103307e+02	4.813815e-02	8.977922e-10	1.122181e-01	3.876838e-01	2.764484e-01	9.551149e-02	1.281381e-01	2.189000e+08	4.310000e+13	8.077600e+03	1.243800e+04	-3.438172e+01	-4.915152e+01	3.857718e+01	-1.847709e+01	-4.813814e-02	-1.828289e-03	6.413992e-04	-1.753791e-03
60	5.306505e-01	7.812500e-05	7.812500e-05		-2.103309e+02	1.123237e-09	-2.103304e+01	-2.103303e+01	-1.759620e+02	-2.103309e+02	4.813470e-02	8.977921e-10	1.122196e-01	3.876816e-01	2.764505e-01	9.551366e-02	1.281347e-01	2.189000e+08	4.310000e+13	8.077600e+03	1.243800e+04	-3.436889e+01	-4.914957e+01	3.857684e+01	-1.847452e+01	-4.813470e-02	-1.827942e-03	6.411846e-04	-1.753755e-03
61	5.242925e-01	7.812500e-05	7.812500e-05		-2.103310e+02	1.123524e-09	-2.103305e+01	-2.103304e+01	-1.759748e+02	-2.103310e+02	4.813128e-02	8.977919e-10	1.122208e-01	3.876795e-01	2.764525e-01	9.551584e-02	1.281313e-01	2.189000e+08	4.310000e+13	8.077600e+03	1.243800e+04	-3.435617e+01	-4.914774e+01	3.857649e+01	-1.847194e+01	-4.813128e-02	-1.827627e-03	6.409822e-04	-1.753717e-03
62	5.179780e-01	7.812500e-05	7.812500e-05		-2.103311e+02	1.123751e-09	-2.103307e+01	-2.103306e+01	-1.759876e+02	-2.103311e+02	4.812788e-02	8.977914e-10	1.122219e-01	3.876776e-01	2.764546e-01	9.551801e-02	1.281279e-01	2.189000e+08	4.310000e+13	8.077600e+03	1.243800e+04	-3.434349e+01	-4.914595e+01	3.857613e+01	-1.846936e+01	-4.812788e-02	-1.827326e-03	6.407854e-04	-1.753679e-03
63	5.114888e-01	7.812500e-05	7.812500e-05		-2.103312e+02	1.123879e-09	-2.103308e+01	-2.103307e+01	-1.760004e+02	-2.103312e+02	4.812448e-02	8.977913e-10	1.122229e-01	3.876757e-01	2.764567e-01	9.552019e-02	1.281245e-01	2.189000e+08	4.310000e+13	8.077600e+03	1.243800e+04	-3.433084e+01	-4.914420e+01	3.857578e+01	-1.846677e+01	-4.812448e-02	-1.827032e-03	6.405913e-04	-1.753641e-03
64	5.048718e-01	7.812500e-05	7.812500e-05		-2.103314e+02	1.123977e-09	-2.103309e+01	-2.103308e+01	-1.760132e+02	-2.103313e+02	4.812108e-02	8.977908e-10	1.122239e-01	3.876739e-01	2.764588e-01	9.552236e-02	1.281211e-01	2.189000e+08	4.310000e+13	8.077600e+03	1.243800e+04	-3.431819e+01	-4.914245e+01	3.857543e+01	-1.846419e+01	-4.812108e-02	-1.826741e-03	6.403983e-04	-1.753603e-03
65	4.980757e-01	7.812500e-05	7.812500e-05		-2.103315e+02	1.124049e-09	-2.103310e+01	-2.103309e+01	-1.760259e+02	-2.103315e+02	4.811768e-02	8.977966e-10	1.122249e-01	3.876720e-01	2.764609e-01	9.552454e-02	1.281177e-01	2.189000e+08	4.310000e+13	8.077600e+03	1.243800e+04	-3.430556e+01	-4.914071e+01	3.857507e+01	-1.846160e+01	-4.811768e-02	-1.826451e-03	6.402058e-04	-1.753565e-03
66	4.910837e-01	7.812500e-05	7.812500e-05		-2.103316e+02	1.124103e-09	-2.103311e+01	-2.103310e+01	-1.760387e+02	-2.103316e+02	4.811428e-02	8.977909e-10	1.122258e-01	3.876702e-01	2.764630e-01	9.552672e-02	1.281143e-01	2.189000e+08	4.310000e+13	8.077600e+03	1.243800e+04	-3.429292e+01	-4.913897e+01	3.857472e+01	-1.845902e+01	-4.811428e-02	-1.826162e-03	6.400134e-04	-1.753527e-03
67	4.838829e-01	7.812500e-05	7.812500e-05		-2.103317e+02	1.124158e-09	-2.103312e+01	-2.103311e+01	-1.760514e+02	-2.103317e+02	4.811089e-02	8.977907e-10	1.122268e-01	3.876684e-01	2.764650e-01	9.552889e-02	1.281109e-01	2.189000e+08	4.310000e+13	8.077600e+03	1.243800e+04	-3.428029e+01	-4.913723e+01	3.857437e+01	-1.845643e+01	-4.811089e-02	-1.825873e-03	6.398210e-04	-1.753489e-03
68	4.765397e-01	7.812500e-05	7.812500e-05		-2.103318e+02	1.124219e-09	-2.103313e+01	-2.103312e+01	-1.760641e+02	-2.103318e+02	4.810749e-02	8.977899e-10	1.122278e-01	3.876665e-01	2.764671e-01	9.553107e-02	1.281075e-01	2.189000e+08	4.310000e+13	8.077600e+03	1.243800e+04	-3.426766e+01	-4.913549e+01	3.857401e+01	-1.845385e+01	-4.810749e-02	-1.825584e-03	6.396285e-04	-1.753450e-03
69	4.689270e-01	7.812500e-05	7.812500e-05		-2.103319e+02	1.124257e-09	-2.103314e+01	-2.103313e+01	-1.760769e+02	-2.103319e+02	4.810409e-02	8.977898e-10	1.122287e-01	3.876647e-01	2.764692e-01	9.553325e-02	1.281041e-01	2.189000e+08	4.310000e+13	8.077600e+03	1.243800e+04	-3.425504e+01	-4.913375e+01	3.857366e+01	-1.845126e+01	-4.810409e-02	-1.825295e-03	6.394360e-04	-1.753412e-03
70	4.611169e-01	7.812500e-05	7.812500e-05		-2.103320e+02	1.124309e-09	-2.103315e+01	-2.103314e+01	-1.760896e+02	-2.103320e+02	4.810069e-02	8.977896e-10	1.122297e-01	3.876629e-01	2.764713e-01	9.553543e-02	1.281007e-01	2.189000e+08	4.310000e+13	8.077600e+03	1.243800e+04	-3.424241e+01	-4.913201e+01	3.857330e+01	-1.844867e+01	-4.810069e-02	-1.825005e-03	6.392434e-04	-1.753374e-03
71	4.530702e-01	7.812500e-05	7.812500e-05		-2.103321e+02	1.124357e-09	-2.103316e+01	-2.103315e+01	-1.761023e+02	-2.103321e+02	4.809729e-02	8.977895e-10	1.122306e-01	3.876610e-01	2.764734e-01	9.553761e-02	1.280973e-01	2.189000e+08	4.310000e+13	8.077600e+03	1.243800e+04	-3.422979e+01	-4.913027e+01	3.857295e+01	-1.844609e+01	-4.809729e-02	-1.824716e-03	6.390507e-04	-1.753336e-03
72	4.447743e-01	7.812500e-05	7.812500e-05		-2.103322e+02	1.124406e-09	-2.103317e+01	-2.103316e+01	-1.761150e+02	-2.103322e+02	4.809389e-02	8.977889e-10	1.122316e-01	3.876592e-01	2.764755e-01	9.553979e-02	1.280939e-01	2.189000e+08	4.310000e+13	8.077600e+03	1.243800e+04	-3.421716e+01	-4.912853e+01	3.857259e+01	-1.844350e+01	-4.809389e-02	-1.824426e-03	6.388579e-04	-1.753298e-03
73	4.362371e-01	7.812500e-05	7.812500e-05		-2.103323e+02	1.124459e-09	-2.103318e+01	-2.103317e+01	-1.761277e+02	-2.103323e+02	4.809049e-02	8.977887e-10	1.122326e-01	3.876574e-01	2.764776e-01	9.554197e-02	1.280905e-01	2.189000e+08	4.310000e+13	8.077600e+03	1.243800e+04	-3.420454e+01	-4.912679e+01	3.857224e+01	-1.844092e+01	-4.809049e-02	-1.824136e-03	6.386651e-04	-1.753259e-03
74	4.274156e-01	7.812500e-05	7.812500e-05		-2.103324e+02	1.124510e-09	-2.103319e+01	-2.103318e+01	-1.761404e+02	-2.103323e+02	4.808709e-02	8.977888e-10	1.122335e-01	3.876555e-01	2.764797e-01	9.554414e-02	1.280871e-01	2.189000e+08	4.310000e+13	8.077600e+03	1.243800e+04	-3.419192e+01	-4.912505e+01	3.857189e+01	-1.843833e+01	-4.808709e-02	-1.823846e-03	6.384721e-04	-1.753221e-03
75	4.183358e-01	7.812500e-05	7.812500e-05		-2.103324e+02	1.124567e-09	-2.103320e+01	-2.103319e+01	-1.761531e+02	-2.103324e+02	4.808369e-02	8.977884e-10	1.122345e-01	3.876537e-01	2.764818e-01	9.554632e-02	1.280837e-01	2.189000e+08	4.310000e+13	8.077600e+03	1.243800e+04	-3.417930e+01	-4.912331e+01	3.857153e+01	-1.843575e+01	-4.808369e-02	-1.823556e-03	6.382791e-04	-1.753183e-03
76	4.089842e-01	7.812500e-05	7.812500e-05		-2.103325e+02	1.124621e-09	-2.103321e+01	-2.103320e+01	-1.761658e+02	-2.103325e+02	4.808029e-02	8.977886e-10	1.122355e-01	3.876519e-01	2.764839e-01	9.554850e-02	1.280803e-01	2.189000e+08	4.310000e+13	8.077600e+03	1.243800e+04	-3.416668e+01	-4.912157e+01	3.857118e+01	-1.843316e+01	-4.808029e-02	-1.823266e-03	6.380860e-04	-1.753145e-03
77	3.992892e-01	7.812500e-05	7.812500e-05		-2.103326e+02	1.124666e-09	-2.103321e+01	-2.103320e+01	-1.761785e+02	-2.103326e+02	4.807689e-02	8.977875e-10	1.122364e-01	3.876500e-01	2.764860e-01	9.555068e-02	1.280769e-01	2.189000e+08	4.310000e+13	8.077600e+03	1.243800e+04	-3.415406e+01	-4.911982e+01	3.857082e+01	-1.843057e+01	-4.807689e-02	-1.822976e-03	6.378927e-04	-1.753106e-03
78	3.893255e-01	7.812500e-05	7.812500e-05		-2.103327e+02	1.124721e-09	-2.103322e+01	-2.103321e+01	-1.761912e+02	-2.103327e+02	4.807349e-02	8.977873e-10	1.122374e-01	3.876482e-01	2.764881e-01	9.555286e-02	1.280735e-01	2.189000e+08	4.310000e+13	8.077600e+03	1.243800e+04	-3.414145e+01	-4.911808e+01	3.857046e+01	-1.842799e+01	-4.807349e-02	-1.822685e-03	6.376994e-04	-1.753068e-03
79	3.789743e-01	7.812500e-05	7.812500e-05		-2.103327e+02	1.124763e-09	-2.103323e+01	-2.103322e+01	-1.762039e+02	-2.103327e+02	4.807009e-02	8.977871e-10	1.122384e-01	3.876464e-01	2.764901e-01	9.555504e-02	1.280701e-01	2.189000e+08	4.310000e+13	8.077600e+03	1.243800e+04	-3.412884e+01	-4.911634e+01	3.857011e+01	-1.842540e+01	-4.807009e-02	-1.822395e-03	6.375061e-04	-1.753030e-03
80		7.812500e-05			-2.103328e+02	1.124818e-09	-2.103324e+01	-2.103322e+01	-1.762166e+02	-2.103328e+02	4.806669e-02	8.977872e-10	1.122393e-01	3.876445e-01	2.764922e-01	9.555723e-02	1.280667e-01	2.189000e+08	4.310000e+13	8.077600e+03	1.243800e+04	-3.411622e+01	-4.911460e+01	3.856975e+01	-1.842282e+01	-4.806669e-02	-1.822104e-03	6.373126e-04	-1.752992e-03
