RTO_iter	rho	tr	tr_adjusted	event	base_cost	base_con	merit	base_merit	cost_unmodified	cost	con_unmodified	con	XFr_A	XFr_B	XFr_E	XFr_P	XFr_G	Ka1	Ka2	Kb1	Kb2	cost_eps	Fa_cost_lam	Fb_cost_lam	Tr_cost_lam	con_eps	Fa_con_lam	Fb_con_lam	Tr_con_lam
0																		2.189000e+08	4.310000e+13	8.077600e+03	1.243800e+04	0.000000e+00	0.000000e+00	0.000000e+00	0.000000e+00	0.000000e+00	0.000000e+00	0.000000e+00	0.000000e+00
1	1.032729e+00	5.000000e-02	1.000000e-01		-7.752530e+01	-3.276256e-02	3.259389e+01	-7.752530e+00	-1.992171e+02	-1.992171e+02	2.625780e-03	2.625780e-03	1.113367e-01	4.560977e-01	2.516545e-01	9.828534e-02	8.262578e-02	2.189000e+08	4.310000e+13	8.077600e+03	1.243800e+04	1.216918e+02	-3.722328e+01	4.812623e+01	-1.797171e+01	-3.538834e-02	-3.752642e-03	1.690099e-03	-1.715440e-03
2	-3.210594e+00	1.000000e-01	5.000000e-02		-1.691410e+02	-1.434392e-02	-1.662375e+01	-1.691410e+01	-1.946515e+02	-1.662375e+02	2.956445e-02	-1.423688e-02	1.067562e-01	4.189253e-01	2.675170e-01	9.723704e-02	1.095645e-01	2.189000e+08	4.310000e+13	8.077600e+03	1.243800e+04	2.551048e+01	-4.828501e+01	4.347390e+01	-1.883392e+01	-4.390838e-02	-3.385278e-03	1.404031e-03	-1.766249e-03
3	-1.880333e-01	5.000000e-02	2.500000e-02				-2.151103e+01		-1.538483e+02	-2.151105e+02	5.071104e-02	1.100089e-09	7.903998e-02	4.155081e-01	2.788742e-01	9.586674e-02	1.307110e-01												
4	1.003453e+00	2.500000e-02	5.000000e-02				-2.121546e+01		-1.757098e+02	-2.121548e+02	4.839434e-02	8.991288e-10	1.116866e-01	3.876455e-01	2.767144e-01	9.555911e-02	1.283943e-01												
5	-1.427551e+01	5.000000e-02	2.500000e-02		-2.010816e+02	-3.791449e-03	-2.009717e+01	-2.010816e+01	-1.775472e+02	-2.009717e+02	4.433626e-02	-3.832647e-03	1.049747e-01	4.005373e-01	2.743981e-01	9.575362e-02	1.243363e-01	2.189000e+08	4.310000e+13	8.077600e+03	1.243800e+04	-2.353439e+01	-5.180995e+01	3.989830e+01	-1.886118e+01	-4.812771e-02	-2.960127e-03	1.125352e-03	-1.750632e-03
6	-3.457267e+00	2.500000e-02	1.250000e-02				-2.121991e+01		-1.741865e+02	-2.121992e+02	4.826329e-02	8.990729e-10	1.308350e-01	3.723214e-01	2.742232e-01	9.435714e-02	1.282633e-01												
7	1.241478e-02	1.250000e-02	1.250000e-02				-2.110979e+01		-1.744554e+02	-2.110981e+02	4.863542e-02	8.991119e-10	1.168387e-01	3.838434e-01	2.757073e-01	9.497516e-02	1.286354e-01												
8	-1.348514e-01	1.250000e-02	6.250000e-03		-2.102750e+02	4.539099e-05	-2.103591e+01	-2.011968e+01	-1.719794e+02	-2.103593e+02	4.914529e-02	8.990987e-10	1.089299e-01	3.904856e-01	2.763251e-01	9.511413e-02	1.291453e-01	2.189000e+08	4.310000e+13	8.077600e+03	1.243800e+04	-3.829555e+01	-5.077306e+01	3.857676e+01	-1.890006e+01	-4.909990e-02	-2.231566e-03	8.087814e-04	-1.752739e-03
9	7.063602e-01	6.250000e-03	6.250000e-03				-2.104571e+01		-1.743716e+02	-2.104573e+02	4.854654e-02	8.994732e-10	1.158280e-01	3.849365e-01	2.756919e-01	9.499709e-02	1.285465e-01												
10	6.057100e-01	6.250000e-03	6.250000e-03		-2.102754e+02	1.315608e-05	-2.103244e+01	-2.076442e+01	-1.734832e+02	-2.103246e+02	4.877700e-02	8.991341e-10	1.123954e-01	3.877218e-01	2.760210e-01	9.508483e-02	1.287770e-01	2.189000e+08	4.310000e+13	8.077600e+03	1.243800e+04	-3.679219e+01	-4.933895e+01	3.864307e+01	-1.899084e+01	-4.876385e-02	-1.841000e-03	6.612119e-04	-1.761873e-03
11	-1.453038e+00	6.250000e-03	3.125000e-03		-2.102601e+02	5.068157e-06	-2.102896e+01	-2.092465e+01	-1.731573e+02	-2.102898e+02	4.884250e-02	8.991438e-10	1.102234e-01	3.894539e-01	2.762851e-01	9.519505e-02	1.288425e-01	2.189000e+08	4.310000e+13	8.077600e+03	1.243800e+04	-3.710284e+01	-5.017894e+01	3.860200e+01	-1.883199e+01	-4.883743e-02	-2.079476e-03	7.495116e-04	-1.754940e-03
12	3.779218e-01	3.125000e-03	3.125000e-03				-2.103327e+01		-1.744692e+02	-2.103329e+02	4.852535e-02	8.992042e-10	1.137060e-01	3.866317e-01	2.759858e-01	9.515113e-02	1.285253e-01												
13	9.612938e-01	3.125000e-03	6.250000e-03		-2.102826e+02	3.202355e-06	-2.102934e+01	-2.096422e+01	-1.738946e+02	-2.102936e+02	4.866809e-02	8.991319e-10	1.119397e-01	3.880619e-01	2.761464e-01	9.518383e-02	1.286681e-01	2.189000e+08	4.310000e+13	8.077600e+03	1.243800e+04	-3.638801e+01	-4.946838e+01	3.862667e+01	-1.886779e+01	-4.866488e-02	-1.885270e-03	6.752347e-04	-1.759158e-03
14	4.752520e-01	6.250000e-03	6.250000e-03		-2.102879e+02	1.242997e-07	-2.102880e+01	-2.102630e+01	-1.740909e+02	-2.102882e+02	4.861593e-02	8.991363e-10	1.116096e-01	3.883085e-01	2.762253e-01	9.524069e-02	1.286159e-01	2.189000e+08	4.310000e+13	8.077600e+03	1.243800e+04	-3.619695e+01	-4.957108e+01	3.861521e+01	-1.879578e+01	-4.861580e-02	-1.918463e-03	6.861967e-04	-1.757425e-03
15	-4.366692e+01	6.250000e-03	3.125000e-03		-2.103063e+02	1.209491e-07	-2.103031e+01	-2.102821e+01	-1.746058e+02	-2.103033e+02	4.848399e-02	8.991374e-10	1.113051e-01	3.885031e-01	2.763572e-01	9.535059e-02	1.284840e-01	2.189000e+08	4.310000e+13	8.077600e+03	1.243800e+04	-3.570044e+01	-4.963062e+01	3.859360e+01	-1.865986e+01	-4.848387e-02	-1.944751e-03	6.925164e-04	-1.754757e-03
16	-1.448144e+01	3.125000e-03	1.562500e-03				-2.103401e+01		-1.757036e+02	-2.103403e+02	4.819947e-02	8.991924e-10	1.147793e-01	3.857095e-01	2.760299e-01	9.528182e-02	1.281995e-01												
17	-3.578316e+00	1.562500e-03	7.812500e-04				-2.103247e+01		-1.752807e+02	-2.103249e+02	4.831585e-02	8.991283e-10	1.130520e-01	3.870898e-01	2.762095e-01	9.533281e-02	1.283158e-01												
18	-2.884664e-01	7.812500e-04	3.906250e-04				-2.103161e+01		-1.749684e+02	-2.103162e+02	4.839505e-02	8.991269e-10	1.121522e-01	3.878153e-01	2.762905e-01	9.534690e-02	1.283950e-01												
19	6.406262e-01	3.906250e-04	3.906250e-04				-2.103112e+01		-1.747924e+02	-2.103114e+02	4.843850e-02	8.991263e-10	1.117215e-01	3.881645e-01	2.763255e-01	9.534993e-02	1.284385e-01												
20	2.539509e-01	3.906250e-04	3.906250e-04		-2.103087e+02	4.798029e-08	-2.103086e+01	-2.102991e+01	-1.747022e+02	-2.103088e+02	4.846051e-02	8.991256e-10	1.115158e-01	3.883318e-01	2.763414e-01	9.535053e-02	1.284605e-01	2.189000e+08	4.310000e+13	8.077600e+03	1.243800e+04	-3.560646e+01	-4.954282e+01	3.859615e+01	-1.866241e+01	-4.846046e-02	-1.920777e-03	6.832355e-04	-1.755230e-03
21	3.265085e-01	3.906250e-04	3.906250e-04		-2.103107e+02	4.341255e-08	-2.103106e+01	-2.103020e+01	-1.747977e+02	-2.103108e+02	4.843699e-02	8.991257e-10	1.117161e-01	3.881686e-01	2.763271e-01	9.535123e-02	1.284370e-01	2.189000e+08	4.310000e+13	8.077600e+03	1.243800e+04	-3.551303e+01	-4.945892e+01	3.859833e+01	-1.866382e+01	-4.843695e-02	-1.897982e-03	6.743588e-04	-1.755658e-03
22	5.289792e-01	3.906250e-04	3.906250e-04		-2.103123e+02	3.464519e-08	-2.103121e+01	-2.103053e+01	-1.748901e+02	-2.103123e+02	4.841393e-02	8.991252e-10	1.118944e-01	3.880228e-01	2.763157e-01	9.535320e-02	1.284139e-01	2.189000e+08	4.310000e+13	8.077600e+03	1.243800e+04	-3.542217e+01	-4.938343e+01	3.859998e+01	-1.866339e+01	-4.841389e-02	-1.877630e-03	6.663667e-04	-1.756009e-03
23	7.834966e-01	3.906250e-04	3.906250e-04		-2.103135e+02	1.971205e-08	-2.103133e+01	-2.103095e+01	-1.749725e+02	-2.103135e+02	4.839310e-02	8.991250e-10	1.120267e-01	3.879135e-01	2.763096e-01	9.535708e-02	1.283931e-01	2.189000e+08	4.310000e+13	8.077600e+03	1.243800e+04	-3.534095e+01	-4.932596e+01	3.860076e+01	-1.866011e+01	-4.839308e-02	-1.862372e-03	6.602769e-04	-1.756221e-03
24	8.798884e-01	3.906250e-04	3.906250e-04		-2.103146e+02	6.310157e-09	-2.103144e+01	-2.103133e+01	-1.750364e+02	-2.103146e+02	4.837681e-02	8.991243e-10	1.120945e-01	3.878559e-01	2.763101e-01	9.536277e-02	1.283768e-01	2.189000e+08	4.310000e+13	8.077600e+03	1.243800e+04	-3.527822e+01	-4.929428e+01	3.860053e+01	-1.865396e+01	-4.837680e-02	-1.854276e-03	6.569121e-04	-1.756261e-03
25	8.880258e-01	3.906250e-04	3.906250e-04		-2.103157e+02	2.333474e-09	-2.103154e+01	-2.103152e+01	-1.750863e+02	-2.103156e+02	4.836398e-02	8.991246e-10	1.121209e-01	3.878313e-01	2.763145e-01	9.536928e-02	1.283640e-01	2.189000e+08	4.310000e+13	8.077600e+03	1.243800e+04	-3.522933e+01	-4.927927e+01	3.859974e+01	-1.864641e+01	-4.836397e-02	-1.850773e-03	6.553113e-04	-1.756198e-03
26	8.852762e-01	3.906250e-04	3.906250e-04		-2.103167e+02	1.759210e-09	-2.103165e+01	-2.103163e+01	-1.751306e+02	-2.103167e+02	4.835255e-02	8.991245e-10	1.121317e-01	3.878193e-01	2.763204e-01	9.537603e-02	1.283526e-01	2.189000e+08	4.310000e+13	8.077600e+03	1.243800e+04	-3.518605e+01	-4.927064e+01	3.859874e+01	-1.863841e+01	-4.835255e-02	-1.849019e-03	6.543846e-04	-1.756097e-03
27	8.819271e-01	3.906250e-04	3.906250e-04		-2.103177e+02	1.681948e-09	-2.103175e+01	-2.103173e+01	-1.751730e+02	-2.103177e+02	4.834161e-02	8.991238e-10	1.121372e-01	3.878115e-01	2.763268e-01	9.538286e-02	1.283416e-01	2.189000e+08	4.310000e+13	8.077600e+03	1.243800e+04	-3.514473e+01	-4.926417e+01	3.859767e+01	-1.863026e+01	-4.834161e-02	-1.847857e-03	6.536865e-04	-1.755984e-03
28	8.784528e-01	3.906250e-04	3.906250e-04		-2.103186e+02	1.670002e-09	-2.103184e+01	-2.103183e+01	-1.752146e+02	-2.103186e+02	4.833083e-02	8.991232e-10	1.121410e-01	3.878052e-01	2.763333e-01	9.538972e-02	1.283308e-01	2.189000e+08	4.310000e+13	8.077600e+03	1.243800e+04	-3.510405e+01	-4.925840e+01	3.859658e+01	-1.862206e+01	-4.833083e-02	-1.846886e-03	6.530621e-04	-1.755866e-03
29	8.747842e-01	3.906250e-04	3.906250e-04		-2.103196e+02	1.667977e-09	-2.103194e+01	-2.103192e+01	-1.752560e+02	-2.103196e+02	4.832009e-02	8.991235e-10	1.121442e-01	3.877992e-01	2.763399e-01	9.539658e-02	1.283201e-01	2.189000e+08	4.310000e+13	8.077600e+03	1.243800e+04	-3.506358e+01	-4.925285e+01	3.859548e+01	-1.861385e+01	-4.832009e-02	-1.845973e-03	6.524597e-04	-1.755748e-03
30	8.709182e-01	3.906250e-04	3.906250e-04		-2.103205e+02	1.667989e-09	-2.103203e+01	-2.103202e+01	-1.752973e+02	-2.103205e+02	4.830936e-02	8.991227e-10	1.121473e-01	3.877934e-01	2.763465e-01	9.540346e-02	1.283094e-01	2.189000e+08	4.310000e+13	8.077600e+03	1.243800e+04	-3.502317e+01	-4.924735e+01	3.859438e+01	-1.860563e+01	-4.830936e-02	-1.845076e-03	6.518630e-04	-1.755628e-03
31	8.668041e-01	3.906250e-04	3.906250e-04		-2.103214e+02	1.668403e-09	-2.103212e+01	-2.103210e+01	-1.753386e+02	-2.103213e+02	4.829863e-02	8.991226e-10	1.121503e-01	3.877877e-01	2.763531e-01	9.541033e-02	1.282986e-01	2.189000e+08	4.310000e+13	8.077600e+03	1.243800e+04	-3.498280e+01	-4.924187e+01	3.859328e+01	-1.859742e+01	-4.829863e-02	-1.844182e-03	6.512671e-04	-1.755509e-03
32	8.624292e-01	3.906250e-04	3.906250e-04		-2.103222e+02	1.668976e-09	-2.103220e+01	-2.103219e+01	-1.753798e+02	-2.103222e+02	4.828790e-02	8.991221e-10	1.121533e-01	3.877819e-01	2.763597e-01	9.541721e-02	1.282879e-01	2.189000e+08	4.310000e+13	8.077600e+03	1.243800e+04	-3.494244e+01	-4.923638e+01	3.859217e+01	-1.858920e+01	-4.828790e-02	-1.843287e-03	6.506708e-04	-1.755389e-03
33	8.577554e-01	3.906250e-04	3.906250e-04		-2.103230e+02	1.669571e-09	-2.103228e+01	-2.103227e+01	-1.754209e+02	-2.103230e+02	4.827717e-02	8.991222e-10	1.121564e-01	3.877761e-01	2.763663e-01	9.542409e-02	1.282772e-01	2.189000e+08	4.310000e+13	8.077600e+03	1.243800e+04	-3.490210e+01	-4.923090e+01	3.859107e+01	-1.858099e+01	-4.827716e-02	-1.842392e-03	6.500737e-04	-1.755269e-03
34	8.527653e-01	3.906250e-04	3.906250e-04		-2.103238e+02	1.670210e-09	-2.103236e+01	-2.103235e+01	-1.754620e+02	-2.103238e+02	4.826643e-02	8.991218e-10	1.121594e-01	3.877703e-01	2.763729e-01	9.543097e-02	1.282664e-01	2.189000e+08	4.310000e+13	8.077600e+03	1.243800e+04	-3.486176e+01	-4.922541e+01	3.858996e+01	-1.857277e+01	-4.826643e-02	-1.841495e-03	6.494757e-04	-1.755150e-03
35	8.474112e-01	3.906250e-04	3.906250e-04		-2.103246e+02	1.670836e-09	-2.103244e+01	-2.103242e+01	-1.755031e+02	-2.103245e+02	4.825568e-02	8.991221e-10	1.121624e-01	3.877645e-01	2.763795e-01	9.543786e-02	1.282557e-01	2.189000e+08	4.310000e+13	8.077600e+03	1.243800e+04	-3.482145e+01	-4.921992e+01	3.858885e+01	-1.856455e+01	-4.825568e-02	-1.840596e-03	6.488769e-04	-1.755030e-03
36	8.416915e-01	3.906250e-04	3.906250e-04		-2.103253e+02	1.671496e-09	-2.103251e+01	-2.103249e+01	-1.755441e+02	-2.103253e+02	4.824494e-02	8.991209e-10	1.121655e-01	3.877587e-01	2.763861e-01	9.544474e-02	1.282449e-01	2.189000e+08	4.310000e+13	8.077600e+03	1.243800e+04	-3.478114e+01	-4.921443e+01	3.858774e+01	-1.855634e+01	-4.824494e-02	-1.839696e-03	6.482772e-04	-1.754910e-03
37	8.355014e-01	3.906250e-04	3.906250e-04		-2.103260e+02	1.672042e-09	-2.103258e+01	-2.103256e+01	-1.755851e+02	-2.103260e+02	4.823419e-02	8.991212e-10	1.121685e-01	3.877530e-01	2.763927e-01	9.545163e-02	1.282342e-01	2.189000e+08	4.310000e+13	8.077600e+03	1.243800e+04	-3.474085e+01	-4.920894e+01	3.858663e+01	-1.854812e+01	-4.823419e-02	-1.838795e-03	6.476767e-04	-1.754789e-03
38	8.288306e-01	3.906250e-04	3.906250e-04		-2.103266e+02	1.672699e-09	-2.103264e+01	-2.103263e+01	-1.756261e+02	-2.103266e+02	4.822343e-02	8.991209e-10	1.121715e-01	3.877472e-01	2.763993e-01	9.545853e-02	1.282234e-01	2.189000e+08	4.310000e+13	8.077600e+03	1.243800e+04	-3.470057e+01	-4.920344e+01	3.858552e+01	-1.853990e+01	-4.822343e-02	-1.837893e-03	6.470753e-04	-1.754669e-03
39	8.216209e-01	3.906250e-04	3.906250e-04		-2.103273e+02	1.673325e-09	-2.103271e+01	-2.103269e+01	-1.756670e+02	-2.103272e+02	4.821268e-02	8.991197e-10	1.121746e-01	3.877414e-01	2.764060e-01	9.546542e-02	1.282127e-01	2.189000e+08	4.310000e+13	8.077600e+03	1.243800e+04	-3.466031e+01	-4.919794e+01	3.858441e+01	-1.853169e+01	-4.821267e-02	-1.836989e-03	6.464731e-04	-1.754549e-03
40	8.137662e-01	3.906250e-04	3.906250e-04		-2.103279e+02	1.673893e-09	-2.103277e+01	-2.103275e+01	-1.757078e+02	-2.103278e+02	4.820191e-02	8.991194e-10	1.121776e-01	3.877356e-01	2.764126e-01	9.547232e-02	1.282019e-01	2.189000e+08	4.310000e+13	8.077600e+03	1.243800e+04	-3.462006e+01	-4.919244e+01	3.858330e+01	-1.852347e+01	-4.820191e-02	-1.836084e-03	6.458699e-04	-1.754429e-03
41	8.052112e-01	3.906250e-04	3.906250e-04		-2.103284e+02	1.674526e-09	-2.103282e+01	-2.103281e+01	-1.757486e+02	-2.103284e+02	4.819115e-02	8.991191e-10	1.121807e-01	3.877298e-01	2.764192e-01	9.547922e-02	1.281911e-01	2.189000e+08	4.310000e+13	8.077600e+03	1.243800e+04	-3.457982e+01	-4.918694e+01	3.858218e+01	-1.851526e+01	-4.819115e-02	-1.835177e-03	6.452659e-04	-1.754308e-03
42	7.958420e-01	3.906250e-04	3.906250e-04		-2.103290e+02	1.675135e-09	-2.103288e+01	-2.103287e+01	-1.757894e+02	-2.103290e+02	4.818038e-02	8.991188e-10	1.121837e-01	3.877240e-01	2.764258e-01	9.548612e-02	1.281804e-01	2.189000e+08	4.310000e+13	8.077600e+03	1.243800e+04	-3.453960e+01	-4.918143e+01	3.858106e+01	-1.850704e+01	-4.818038e-02	-1.834269e-03	6.446611e-04	-1.754187e-03
43	7.855212e-01	3.906250e-04	3.906250e-04		-2.103295e+02	1.675754e-09	-2.103293e+01	-2.103292e+01	-1.758301e+02	-2.103295e+02	4.816961e-02	8.991194e-10	1.121867e-01	3.877182e-01	2.764325e-01	9.549303e-02	1.281696e-01	2.189000e+08	4.310000e+13	8.077600e+03	1.243800e+04	-3.449939e+01	-4.917592e+01	3.857995e+01	-1.849882e+01	-4.816960e-02	-1.833360e-03	6.440554e-04	-1.754067e-03
44	7.741562e-01	3.906250e-04	3.906250e-04		-2.103300e+02	1.676433e-09	-2.103298e+01	-2.103296e+01	-1.758708e+02	-2.103300e+02	4.815883e-02	8.991188e-10	1.121898e-01	3.877124e-01	2.764391e-01	9.549994e-02	1.281588e-01	2.189000e+08	4.310000e+13	8.077600e+03	1.243800e+04	-3.445919e+01	-4.917041e+01	3.857883e+01	-1.849061e+01	-4.815883e-02	-1.832449e-03	6.434487e-04	-1.753946e-03
45	7.615252e-01	3.906250e-04	3.906250e-04		-2.103304e+02	1.677017e-09	-2.103302e+01	-2.103301e+01	-1.759114e+02	-2.103304e+02	4.814805e-02	8.991181e-10	1.121928e-01	3.877065e-01	2.764457e-01	9.550685e-02	1.281480e-01	2.189000e+08	4.310000e+13	8.077600e+03	1.243800e+04	-3.441901e+01	-4.916489e+01	3.857771e+01	-1.848239e+01	-4.814805e-02	-1.831537e-03	6.428413e-04	-1.753825e-03
46	7.474022e-01	3.906250e-04	3.906250e-04		-2.103308e+02	1.677618e-09	-2.103306e+01	-2.103305e+01	-1.759520e+02	-2.103308e+02	4.813726e-02	8.991183e-10	1.121959e-01	3.877007e-01	2.764524e-01	9.551376e-02	1.281373e-01	2.189000e+08	4.310000e+13	8.077600e+03	1.243800e+04	-3.437884e+01	-4.915937e+01	3.857659e+01	-1.847417e+01	-4.813726e-02	-1.830623e-03	6.422330e-04	-1.753704e-03
47	7.315229e-01	3.906250e-04	3.906250e-04		-2.103312e+02	1.678255e-09	-2.103310e+01	-2.103309e+01	-1.759926e+02	-2.103312e+02	4.812647e-02	8.991182e-10	1.121989e-01	3.876949e-01	2.764590e-01	9.552068e-02	1.281265e-01	2.189000e+08	4.310000e+13	8.077600e+03	1.243800e+04	-3.433868e+01	-4.915385e+01	3.857546e+01	-1.846596e+01	-4.812647e-02	-1.829708e-03	6.416238e-04	-1.753583e-03
48	7.135560e-01	3.906250e-04	3.906250e-04		-2.103316e+02	1.678913e-09	-2.103314e+01	-2.103313e+01	-1.760331e+02	-2.103316e+02	4.811568e-02	8.991174e-10	1.122020e-01	3.876891e-01	2.764656e-01	9.552759e-02	1.281157e-01	2.189000e+08	4.310000e+13	8.077600e+03	1.243800e+04	-3.429853e+01	-4.914833e+01	3.857434e+01	-1.845774e+01	-4.811568e-02	-1.828792e-03	6.410136e-04	-1.753462e-03
49	6.930454e-01	3.906250e-04	3.906250e-04		-2.103319e+02	1.679538e-09	-2.103317e+01	-2.103316e+01	-1.760735e+02	-2.103319e+02	4.810489e-02	8.991171e-10	1.122050e-01	3.876833e-01	2.764723e-01	9.553451e-02	1.281049e-01	2.189000e+08	4.310000e+13	8.077600e+03	1.243800e+04	-3.425841e+01	-4.914281e+01	3.857321e+01	-1.844953e+01	-4.810488e-02	-1.827874e-03	6.404027e-04	-1.753340e-03
50	6.694048e-01	3.906250e-04	3.906250e-04		-2.103322e+02	1.680156e-09	-2.103320e+01	-2.103319e+01	-1.761139e+02	-2.103322e+02	4.809409e-02	8.991163e-10	1.122081e-01	3.876774e-01	2.764789e-01	9.554144e-02	1.280941e-01	2.189000e+08	4.310000e+13	8.077600e+03	1.243800e+04	-3.421829e+01	-4.913728e+01	3.857209e+01	-1.844131e+01	-4.809408e-02	-1.826955e-03	6.397908e-04	-1.753219e-03
51	6.418423e-01	3.906250e-04	3.906250e-04		-2.103325e+02	1.680761e-09	-2.103323e+01	-2.103322e+01	-1.761543e+02	-2.103325e+02	4.808328e-02	8.991167e-10	1.122112e-01	3.876716e-01	2.764856e-01	9.554836e-02	1.280833e-01	2.189000e+08	4.310000e+13	8.077600e+03	1.243800e+04	-3.417819e+01	-4.913175e+01	3.857096e+01	-1.843309e+01	-4.808328e-02	-1.826035e-03	6.391782e-04	-1.753098e-03
52	6.093506e-01	3.906250e-04	3.906250e-04		-2.103327e+02	1.681413e-09	-2.103325e+01	-2.103324e+01	-1.761946e+02	-2.103327e+02	4.807247e-02	8.991159e-10	1.122142e-01	3.876658e-01	2.764922e-01	9.555529e-02	1.280725e-01	2.189000e+08	4.310000e+13	8.077600e+03	1.243800e+04	-3.413809e+01	-4.912621e+01	3.856983e+01	-1.842488e+01	-4.807247e-02	-1.825113e-03	6.385644e-04	-1.752976e-03
53	5.703326e-01	3.906250e-04	3.906250e-04		-2.103329e+02	1.681985e-09	-2.103327e+01	-2.103326e+01	-1.762349e+02	-2.103329e+02	4.806166e-02	8.991151e-10	1.122173e-01	3.876600e-01	2.764989e-01	9.556222e-02	1.280617e-01	2.189000e+08	4.310000e+13	8.077600e+03	1.243800e+04	-3.409802e+01	-4.912068e+01	3.856870e+01	-1.841666e+01	-4.806166e-02	-1.824190e-03	6.379503e-04	-1.752854e-03
54	5.230294e-01	3.906250e-04	3.906250e-04		-2.103331e+02	1.682779e-09	-2.103329e+01	-2.103328e+01	-1.762752e+02	-2.103331e+02	4.805084e-02	8.991157e-10	1.122204e-01	3.876541e-01	2.765055e-01	9.556916e-02	1.280508e-01	2.189000e+08	4.310000e+13	8.077600e+03	1.243800e+04	-3.405795e+01	-4.911513e+01	3.856757e+01	-1.840845e+01	-4.805084e-02	-1.823263e-03	6.373339e-04	-1.752733e-03
55	4.627621e-01	3.906250e-04	3.906250e-04		-2.103333e+02	1.682933e-09	-2.103330e+01	-2.103329e+01	-1.763153e+02	-2.103332e+02	4.804003e-02	8.991152e-10	1.122233e-01	3.876483e-01	2.765122e-01	9.557609e-02	1.280400e-01	2.189000e+08	4.310000e+13	8.077600e+03	1.243800e+04	-3.401793e+01	-4.910963e+01	3.856644e+01	-1.840023e+01	-4.804003e-02	-1.822346e-03	6.367213e-04	-1.752611e-03
56	-4.644139e+01	3.906250e-04	1.953125e-04		-2.103334e+02	1.685927e-09	-2.103332e+01	-2.103330e+01	-1.763556e+02	-2.103333e+02	4.802917e-02	8.991105e-10	1.122268e-01	3.876421e-01	2.765188e-01	9.558303e-02	1.280292e-01	2.189000e+08	4.310000e+13	8.077600e+03	1.243800e+04	-3.397774e+01	-4.910391e+01	3.856531e+01	-1.839202e+01	-4.802917e-02	-1.821371e-03	6.360855e-04	-1.752490e-03
57	-1.048901e+01	1.953125e-04	9.765625e-05				-2.103333e+01		-1.764366e+02	-2.103334e+02	4.800828e-02	8.991102e-10	1.124560e-01	3.874583e-01	2.764979e-01	9.557951e-02	1.280083e-01												
58	-3.035096e+00	9.765625e-05	4.882813e-05				-2.103332e+01		-1.764056e+02	-2.103334e+02	4.801616e-02	8.991143e-10	1.123345e-01	3.875548e-01	2.765111e-01	9.558350e-02	1.280162e-01												
59	-1.533547e+00	4.882813e-05	2.441406e-05				-2.103332e+01		-1.763867e+02	-2.103334e+02	4.802106e-02	8.989036e-10	1.122887e-01	3.875917e-01	2.765148e-01	9.558371e-02	1.280211e-01												
60	-1.166412e+00	2.441406e-05	1.220703e-05				-2.103332e+01		-1.763802e+02	-2.103334e+02	4.802275e-02	8.991139e-10	1.122751e-01	3.876027e-01	2.765157e-01	9.558362e-02	1.280228e-01												
61	-1.074765e+00	1.220703e-05	6.103516e-06				-2.103332e+01		-1.763783e+02	-2.103334e+02	4.802324e-02	8.991125e-10	1.122713e-01	3.876059e-01	2.765160e-01	9.558359e-02	1.280232e-01												
62	-1.052387e+00	6.103516e-06	3.051758e-06				-2.103332e+01		-1.763779e+02	-2.103334e+02	4.802337e-02	8.989611e-10	1.122703e-01	3.876067e-01	2.765161e-01	9.558358e-02	1.280234e-01												
63	-1.046526e+00	3.051758e-06	1.525879e-06				-2.103332e+01		-1.763777e+02	-2.103334e+02	4.802340e-02	8.991140e-10	1.122701e-01	3.876069e-01	2.765161e-01	9.558357e-02	1.280234e-01												
64	-1.045090e+00	1.525879e-06	7.629395e-07				-2.103332e+01		-1.763777e+02	-2.103334e+02	4.802341e-02	8.991142e-10	1.122700e-01	3.876069e-01	2.765161e-01	9.558357e-02	1.280234e-01												
65	-1.044732e+00	7.629395e-07	3.814697e-07				-2.103332e+01		-1.763777e+02	-2.103334e+02	4.802341e-02	8.991139e-10	1.122700e-01	3.876069e-01	2.765161e-01	9.558357e-02	1.280234e-01												
66	-1.044644e+00	3.814697e-07	1.907349e-07				-2.103332e+01		-1.763777e+02	-2.103334e+02	4.802341e-02	8.991136e-10	1.122700e-01	3.876070e-01	2.765161e-01	9.558357e-02	1.280234e-01												
67	-1.044622e+00	1.907349e-07	9.536743e-08				-2.103332e+01		-1.763777e+02	-2.103334e+02	4.802341e-02	8.991140e-10	1.122700e-01	3.876070e-01	2.765161e-01	9.558357e-02	1.280234e-01												
68	-1.044615e+00	9.536743e-08	4.768372e-08				-2.103332e+01		-1.763777e+02	-2.103334e+02	4.802341e-02	8.991142e-10	1.122700e-01	3.876070e-01	2.765161e-01	9.558357e-02	1.280234e-01												
69	-1.044613e+00	4.768372e-08	2.384186e-08				-2.103332e+01		-1.763777e+02	-2.103334e+02	4.802341e-02	8.991134e-10	1.122700e-01	3.876070e-01	2.765161e-01	9.558357e-02	1.280234e-01												
70	-1.044640e+00	2.384186e-08	1.192093e-08				-2.103332e+01		-1.763777e+02	-2.103334e+02	4.802341e-02	8.991132e-10	1.122700e-01	3.876070e-01	2.765161e-01	9.558357e-02	1.280234e-01												
71	-1.044646e+00	1.192093e-08	1.000000e-08	trust region too small			-2.103332e+01		-1.763777e+02	-2.103334e+02	4.802341e-02	8.991143e-10	1.122700e-01	3.876070e-01	2.765161e-01	9.558357e-02	1.280234e-01												
72	-1.044646e+00	1.000000e-08	1.000000e-08	trust region too small			-2.103332e+01		-1.763777e+02	-2.103334e+02	4.802341e-02	8.991138e-10	1.122700e-01	3.876070e-01	2.765161e-01	9.558357e-02	1.280234e-01												
73	-1.044646e+00	1.000000e-08	1.000000e-08	trust region too small			-2.103332e+01		-1.763777e+02	-2.103334e+02	4.802341e-02	8.991139e-10	1.122700e-01	3.876070e-01	2.765161e-01	9.558357e-02	1.280234e-01												
74	-1.044646e+00	1.000000e-08	1.000000e-08	trust region too small			-2.103332e+01		-1.763777e+02	-2.103334e+02	4.802341e-02	8.991140e-10	1.122700e-01	3.876070e-01	2.765161e-01	9.558357e-02	1.280234e-01												
75	-1.044646e+00	1.000000e-08	1.000000e-08	trust region too small			-2.103332e+01		-1.763777e+02	-2.103334e+02	4.802341e-02	8.991139e-10	1.122700e-01	3.876070e-01	2.765161e-01	9.558357e-02	1.280234e-01												
76	-1.044646e+00	1.000000e-08	1.000000e-08	trust region too small			-2.103332e+01		-1.763777e+02	-2.103334e+02	4.802341e-02	8.991139e-10	1.122700e-01	3.876070e-01	2.765161e-01	9.558357e-02	1.280234e-01												
77	-1.044646e+00	1.000000e-08	1.000000e-08	trust region too small			-2.103332e+01		-1.763777e+02	-2.103334e+02	4.802341e-02	8.991139e-10	1.122700e-01	3.876070e-01	2.765161e-01	9.558357e-02	1.280234e-01												
78	-1.044646e+00	1.000000e-08	1.000000e-08	trust region too small			-2.103332e+01		-1.763777e+02	-2.103334e+02	4.802341e-02	8.991139e-10	1.122700e-01	3.876070e-01	2.765161e-01	9.558357e-02	1.280234e-01												
79	-1.044637e+00	1.000000e-08	1.000000e-08	trust region too small			-2.103332e+01		-1.763777e+02	-2.103334e+02	4.802341e-02	8.991138e-10	1.122700e-01	3.876070e-01	2.765161e-01	9.558357e-02	1.280234e-01												
80		1.000000e-08					-2.103332e+01		-1.763777e+02	-2.103334e+02	4.802341e-02	8.991135e-10	1.122700e-01	3.876070e-01	2.765161e-01	9.558357e-02	1.280234e-01												
