RTO_iter	merit	base_merit	cost	con	XFr_A	XFr_B	XFr_E	XFr_P	XFr_G
1	-7.752530e+00	-7.752530e+00	-7.752530e+01	-3.276256e-02	1.295174e-01	4.930493e-01	2.141127e-01	9.131054e-02	4.723744e-02
2	-1.691410e+01	-1.691410e+01	-1.691410e+02	-1.434392e-02	1.257488e-01	4.534906e-01	2.363716e-01	9.630046e-02	6.565608e-02
3	-2.154916e+00		-2.034032e+02	9.092703e-04	9.972033e-02	4.487037e-01	2.538434e-01	9.995195e-02	8.090927e-02
4	-1.610500e+01		-2.108393e+02	2.489461e-04	1.297703e-01	4.188648e-01	2.504434e-01	9.847206e-02	8.024895e-02
5	-2.010816e+01	-2.010816e+01	-2.010816e+02	-3.791449e-03	1.242375e-01	4.336980e-01	2.466022e-01	9.789825e-02	7.620855e-02
6	-4.236939e+00		-2.095522e+02	8.359141e-04	1.471179e-01	4.016052e-01	2.482213e-01	9.716533e-02	8.083591e-02
7	-1.664491e+01		-2.105492e+02	2.205004e-04	1.347323e-01	4.149701e-01	2.492410e-01	9.788033e-02	8.022050e-02
8	-2.011932e+01	-2.011932e+01	-2.102750e+02	4.540899e-05	1.277401e-01	4.225993e-01	2.497181e-01	9.817725e-02	8.004541e-02
9	-1.999444e+01		-2.102490e+02	5.152325e-05	1.338631e-01	4.162451e-01	2.491450e-01	9.788864e-02	8.005152e-02
10	-2.076409e+01	-2.076409e+01	-2.102754e+02	1.317272e-05	1.308081e-01	4.194286e-01	2.494328e-01	9.804534e-02	8.001317e-02
11	-2.092429e+01	-2.092429e+01	-2.102602e+02	5.086227e-06	1.288178e-01	4.213325e-01	2.497167e-01	9.818999e-02	8.000509e-02
12	-2.076646e+01		-2.102839e+02	1.309640e-05	1.318977e-01	4.180889e-01	2.494550e-01	9.805646e-02	8.001310e-02
13	-2.096389e+01	-2.096389e+01	-2.102827e+02	3.219010e-06	1.303309e-01	4.197281e-01	2.495963e-01	9.813039e-02	8.000322e-02
14	-2.102590e+01	-2.102590e+01	-2.102879e+02	1.447503e-07	1.299964e-01	4.199594e-01	2.496972e-01	9.818186e-02	8.000014e-02
15	-2.102785e+01	-2.102785e+01	-2.103063e+02	1.390887e-07	1.296410e-01	4.200779e-01	2.498792e-01	9.827289e-02	8.000014e-02
16	-2.077442e+01		-2.102878e+02	1.271793e-05	1.327250e-01	4.168765e-01	2.495873e-01	9.812274e-02	8.001272e-02
17	-2.096605e+01		-2.103134e+02	3.264346e-06	1.311812e-01	4.184470e-01	2.497534e-01	9.820895e-02	8.000326e-02
18	-2.101570e+01		-2.103139e+02	7.842245e-07	1.303847e-01	4.192808e-01	2.498245e-01	9.824530e-02	8.000078e-02
19	-2.102696e+01		-2.103109e+02	2.062694e-07	1.300058e-01	4.196847e-01	2.498537e-01	9.826011e-02	8.000021e-02
20	-2.102955e+01	-2.102955e+01	-2.103087e+02	6.610945e-08	1.298254e-01	4.198788e-01	2.498666e-01	9.826660e-02	8.000007e-02
21	-2.102984e+01	-2.102984e+01	-2.103107e+02	6.154263e-08	1.300000e-01	4.196882e-01	2.498558e-01	9.826121e-02	8.000006e-02
22	-2.103017e+01	-2.103017e+01	-2.103123e+02	5.277541e-08	1.301544e-01	4.195164e-01	2.498482e-01	9.825743e-02	8.000005e-02
23	-2.103060e+01	-2.103060e+01	-2.103135e+02	3.784194e-08	1.302669e-01	4.193853e-01	2.498462e-01	9.825643e-02	8.000004e-02
24	-2.103097e+01	-2.103097e+01	-2.103146e+02	2.444067e-08	1.303214e-01	4.193125e-01	2.498507e-01	9.825868e-02	8.000002e-02
25	-2.103116e+01	-2.103116e+01	-2.103157e+02	2.046461e-08	1.303393e-01	4.192775e-01	2.498589e-01	9.826276e-02	8.000002e-02
26	-2.103127e+01	-2.103127e+01	-2.103167e+02	1.989036e-08	1.303433e-01	4.192568e-01	2.498683e-01	9.826748e-02	8.000002e-02
27	-2.103138e+01	-2.103138e+01	-2.103177e+02	1.981300e-08	1.303425e-01	4.192411e-01	2.498782e-01	9.827242e-02	8.000002e-02
28	-2.103150e+01	-2.103150e+01	-2.103187e+02	1.864163e-08	1.303402e-01	4.192270e-01	2.498882e-01	9.827743e-02	8.000002e-02
29	-2.103155e+01	-2.103155e+01	-2.103204e+02	2.446366e-08	1.302920e-01	4.192453e-01	2.499116e-01	9.828913e-02	8.000002e-02
30	-2.103174e+01	-2.103174e+01	-2.103221e+02	2.353616e-08	1.303082e-01	4.191961e-01	2.499293e-01	9.829799e-02	8.000002e-02
31	-2.103192e+01	-2.103192e+01	-2.103237e+02	2.269853e-08	1.302875e-01	4.191853e-01	2.499504e-01	9.830851e-02	8.000002e-02
32	-2.103206e+01	-2.103206e+01	-2.103252e+02	2.295148e-08	1.302936e-01	4.191466e-01	2.499691e-01	9.831785e-02	8.000002e-02
33	-2.103220e+01	-2.103220e+01	-2.103265e+02	2.262642e-08	1.302765e-01	4.191321e-01	2.499898e-01	9.832824e-02	8.000002e-02
34	-2.103231e+01	-2.103231e+01	-2.103277e+02	2.302077e-08	1.302839e-01	4.190919e-01	2.500084e-01	9.833753e-02	8.000002e-02
35	-2.103242e+01	-2.103242e+01	-2.103288e+02	2.279980e-08	1.302602e-01	4.190843e-01	2.500298e-01	9.834822e-02	8.000002e-02
36	-2.103250e+01	-2.103250e+01	-2.103298e+02	2.430996e-08	1.302853e-01	4.190257e-01	2.500468e-01	9.835671e-02	8.000002e-02
37	-2.103254e+01	-2.103254e+01	-2.103306e+02	2.624818e-08	1.302222e-01	4.190595e-01	2.500715e-01	9.836909e-02	8.000003e-02
38	-2.103175e+01		-2.103314e+02	6.931902e-08	1.304092e-01	4.188356e-01	2.500717e-01	9.836914e-02	8.000007e-02
39	-2.103231e+01		-2.103311e+02	3.985818e-08	1.303415e-01	4.189216e-01	2.500687e-01	9.836769e-02	8.000004e-02
40	-2.103253e+01		-2.103309e+02	2.797918e-08	1.302890e-01	4.189826e-01	2.500698e-01	9.836821e-02	8.000003e-02
41	-2.103266e+01	-2.103266e+01	-2.103308e+02	2.104283e-08	1.302651e-01	4.190102e-01	2.500704e-01	9.836851e-02	8.000002e-02
42	-2.103270e+01	-2.103270e+01	-2.103309e+02	1.963374e-08	1.302898e-01	4.189790e-01	2.500713e-01	9.836900e-02	8.000002e-02
43	-2.103273e+01	-2.103273e+01	-2.103311e+02	1.895963e-08	1.302998e-01	4.189628e-01	2.500738e-01	9.837024e-02	8.000002e-02
44	-2.103276e+01	-2.103276e+01	-2.103312e+02	1.779452e-08	1.303031e-01	4.189537e-01	2.500770e-01	9.837180e-02	8.000002e-02
45	-2.103278e+01	-2.103278e+01	-2.103313e+02	1.777802e-08	1.303036e-01	4.189473e-01	2.500803e-01	9.837349e-02	8.000002e-02
46	-2.103279e+01	-2.103279e+01	-2.103315e+02	1.777656e-08	1.303032e-01	4.189420e-01	2.500838e-01	9.837523e-02	8.000002e-02
47	-2.103280e+01	-2.103280e+01	-2.103316e+02	1.794948e-08	1.303023e-01	4.189371e-01	2.500873e-01	9.837698e-02	8.000002e-02
48	-2.103282e+01	-2.103282e+01	-2.103317e+02	1.777644e-08	1.303014e-01	4.189324e-01	2.500908e-01	9.837874e-02	8.000002e-02
49	-2.103283e+01	-2.103283e+01	-2.103318e+02	1.777628e-08	1.303004e-01	4.189276e-01	2.500943e-01	9.838050e-02	8.000002e-02
50	-2.103283e+01	-2.103283e+01	-2.103319e+02	1.796331e-08	1.302993e-01	4.189229e-01	2.500979e-01	9.838226e-02	8.000002e-02
51	-2.103284e+01	-2.103284e+01	-2.103320e+02	1.796322e-08	1.302983e-01	4.189182e-01	2.501014e-01	9.838402e-02	8.000002e-02
52	-2.103286e+01	-2.103286e+01	-2.103321e+02	1.796333e-08	1.302973e-01	4.189135e-01	2.501049e-01	9.838579e-02	8.000002e-02
53	-2.103280e+01		-2.103323e+02	2.115075e-08	1.302963e-01	4.189088e-01	2.501084e-01	9.838755e-02	8.000002e-02
54	-2.103286e+01	-2.103286e+01	-2.103322e+02	1.790920e-08	1.302980e-01	4.189082e-01	2.501076e-01	9.838712e-02	8.000002e-02
55	-2.103281e+01		-2.103323e+02	2.109303e-08	1.302977e-01	4.189039e-01	2.501104e-01	9.838850e-02	8.000002e-02
56	-2.103287e+01	-2.103287e+01	-2.103323e+02	1.789359e-08	1.302981e-01	4.189038e-01	2.501101e-01	9.838838e-02	8.000002e-02
57	-2.103287e+01		-2.103324e+02	1.858801e-08	1.302973e-01	4.189004e-01	2.501127e-01	9.838968e-02	8.000002e-02
58	-2.103282e+01		-2.103324e+02	2.105616e-08	1.302974e-01	4.189003e-01	2.501126e-01	9.838965e-02	8.000002e-02
59	-2.103282e+01		-2.103324e+02	2.105508e-08	1.302975e-01	4.189003e-01	2.501126e-01	9.838964e-02	8.000002e-02
60	-2.103282e+01		-2.103324e+02	2.105481e-08	1.302975e-01	4.189003e-01	2.501126e-01	9.838964e-02	8.000002e-02
61	-2.103282e+01		-2.103324e+02	2.105475e-08	1.302975e-01	4.189003e-01	2.501126e-01	9.838964e-02	8.000002e-02
62	-2.103282e+01		-2.103324e+02	2.105473e-08	1.302975e-01	4.189003e-01	2.501126e-01	9.838964e-02	8.000002e-02
63	-2.103282e+01		-2.103324e+02	2.105473e-08	1.302975e-01	4.189003e-01	2.501126e-01	9.838964e-02	8.000002e-02
64	-2.103282e+01		-2.103324e+02	2.105472e-08	1.302975e-01	4.189003e-01	2.501126e-01	9.838964e-02	8.000002e-02
65	-2.103282e+01		-2.103324e+02	2.105472e-08	1.302975e-01	4.189003e-01	2.501126e-01	9.838964e-02	8.000002e-02
66	-2.103282e+01		-2.103324e+02	2.105472e-08	1.302975e-01	4.189003e-01	2.501126e-01	9.838964e-02	8.000002e-02
67	-2.103282e+01		-2.103324e+02	2.105472e-08	1.302975e-01	4.189003e-01	2.501126e-01	9.838964e-02	8.000002e-02
68	-2.103282e+01		-2.103324e+02	2.105472e-08	1.302975e-01	4.189003e-01	2.501126e-01	9.838964e-02	8.000002e-02
69	-2.103282e+01		-2.103324e+02	2.105472e-08	1.302975e-01	4.189003e-01	2.501126e-01	9.838964e-02	8.000002e-02
70	-2.103282e+01		-2.103324e+02	2.105472e-08	1.302975e-01	4.189003e-01	2.501126e-01	9.838964e-02	8.000002e-02
71	-2.103282e+01		-2.103324e+02	2.105472e-08	1.302975e-01	4.189003e-01	2.501126e-01	9.838964e-02	8.000002e-02
72	-2.103282e+01		-2.103324e+02	2.105472e-08	1.302975e-01	4.189003e-01	2.501126e-01	9.838964e-02	8.000002e-02
73	-2.103282e+01		-2.103324e+02	2.105472e-08	1.302975e-01	4.189003e-01	2.501126e-01	9.838964e-02	8.000002e-02
74	-2.103282e+01		-2.103324e+02	2.105472e-08	1.302975e-01	4.189003e-01	2.501126e-01	9.838964e-02	8.000002e-02
75	-2.103282e+01		-2.103324e+02	2.105472e-08	1.302975e-01	4.189003e-01	2.501126e-01	9.838964e-02	8.000002e-02
76	-2.103282e+01		-2.103324e+02	2.105472e-08	1.302975e-01	4.189003e-01	2.501126e-01	9.838964e-02	8.000002e-02
77	-2.103282e+01		-2.103324e+02	2.105472e-08	1.302975e-01	4.189003e-01	2.501126e-01	9.838964e-02	8.000002e-02
78	-2.103282e+01		-2.103324e+02	2.105472e-08	1.302975e-01	4.189003e-01	2.501126e-01	9.838964e-02	8.000002e-02
79	-2.103282e+01		-2.103324e+02	2.105472e-08	1.302975e-01	4.189003e-01	2.501126e-01	9.838964e-02	8.000002e-02
80	-2.103282e+01		-2.103324e+02	2.105472e-08	1.302975e-01	4.189003e-01	2.501126e-01	9.838964e-02	8.000002e-02
