RTO_iter	merit	base_merit	cost	con	XFr_A	XFr_B	XFr_E	XFr_P	XFr_G
1	-7.752530e+00	-7.752530e+00	-7.752530e+01	-3.276256e-02	1.295174e-01	4.930493e-01	2.141127e-01	9.131054e-02	4.723744e-02
2	-1.691410e+01	-1.691410e+01	-1.691410e+02	-1.434392e-02	1.257488e-01	4.534906e-01	2.363716e-01	9.630046e-02	6.565608e-02
3	2.512319e+01		-2.034032e+02	9.092703e-04	9.972033e-02	4.487037e-01	2.538434e-01	9.995195e-02	8.090927e-02
4	-8.636622e+00		-2.108393e+02	2.489461e-04	1.297703e-01	4.188648e-01	2.504434e-01	9.847206e-02	8.024895e-02
5	-2.010816e+01	-2.010816e+01	-2.010816e+02	-3.791449e-03	1.242375e-01	4.336980e-01	2.466022e-01	9.789825e-02	7.620855e-02
6	2.084048e+01		-2.095522e+02	8.359141e-04	1.471179e-01	4.016052e-01	2.482213e-01	9.716533e-02	8.083591e-02
7	-1.002990e+01		-2.105492e+02	2.205004e-04	1.347323e-01	4.149701e-01	2.492410e-01	9.788033e-02	8.022050e-02
8	-1.875705e+01		-2.102750e+02	4.540899e-05	1.277401e-01	4.225993e-01	2.497181e-01	9.817725e-02	8.004541e-02
9	-2.076046e+01	-2.076046e+01	-2.076046e+02	-1.017891e-03	1.239131e-01	4.287497e-01	2.490559e-01	9.820056e-02	7.898211e-02
10	-1.814435e+01		-2.103509e+02	5.781476e-05	1.296862e-01	4.206126e-01	2.495140e-01	9.807108e-02	8.005781e-02
11	-2.029027e+01		-2.101248e+02	1.444421e-05	1.265322e-01	4.240050e-01	2.497479e-01	9.820245e-02	8.001444e-02
12	-2.084768e+01	-2.084768e+01	-2.099418e+02	2.929877e-06	1.247619e-01	4.259161e-01	2.498709e-01	9.826780e-02	8.000293e-02
13	-2.083345e+01		-2.100822e+02	3.495549e-06	1.262785e-01	4.242965e-01	2.497575e-01	9.821092e-02	8.000350e-02
14	-2.095673e+01	-2.095673e+01	-2.100126e+02	8.906468e-07	1.255196e-01	4.251090e-01	2.498137e-01	9.823989e-02	8.000089e-02
15	-2.096379e+01	-2.096379e+01	-2.100771e+02	8.783721e-07	1.262766e-01	4.242997e-01	2.497576e-01	9.821184e-02	8.000088e-02
16	-2.096987e+01	-2.096987e+01	-2.101311e+02	8.648535e-07	1.270327e-01	4.234921e-01	2.497011e-01	9.818359e-02	8.000086e-02
17	-2.097501e+01	-2.097501e+01	-2.101746e+02	8.490405e-07	1.277865e-01	4.226871e-01	2.496446e-01	9.815535e-02	8.000085e-02
18	-2.097940e+01	-2.097940e+01	-2.102080e+02	8.280675e-07	1.285351e-01	4.218867e-01	2.495889e-01	9.812751e-02	8.000083e-02
19	-2.098349e+01	-2.098349e+01	-2.102315e+02	7.931363e-07	1.292709e-01	4.210972e-01	2.495358e-01	9.810098e-02	8.000079e-02
20	-2.098924e+01	-2.098924e+01	-2.102460e+02	7.072781e-07	1.299656e-01	4.203434e-01	2.494906e-01	9.807841e-02	8.000071e-02
21	-2.100784e+01	-2.100784e+01	-2.102545e+02	3.522490e-07	1.304388e-01	4.198000e-01	2.494777e-01	9.807206e-02	8.000035e-02
22	-2.102459e+01	-2.102459e+01	-2.102619e+02	3.199729e-08	1.303433e-01	4.198375e-01	2.495232e-01	9.809493e-02	8.000003e-02
23	-2.102208e+01		-2.102758e+02	1.100146e-07	1.300566e-01	4.200126e-01	2.496228e-01	9.814468e-02	8.000011e-02
24	-2.102565e+01	-2.102565e+01	-2.102698e+02	2.659914e-08	1.303564e-01	4.197607e-01	2.495596e-01	9.811314e-02	8.000003e-02
25	-2.102647e+01	-2.102647e+01	-2.102771e+02	2.495040e-08	1.303353e-01	4.197194e-01	2.495992e-01	9.813291e-02	8.000002e-02
26	-2.102714e+01	-2.102714e+01	-2.102841e+02	2.529846e-08	1.303285e-01	4.196630e-01	2.496375e-01	9.815207e-02	8.000003e-02
27	-2.102780e+01	-2.102780e+01	-2.102905e+02	2.508007e-08	1.303143e-01	4.196142e-01	2.496765e-01	9.817158e-02	8.000003e-02
28	-2.102840e+01	-2.102840e+01	-2.102966e+02	2.523153e-08	1.303049e-01	4.195604e-01	2.497152e-01	9.819092e-02	8.000003e-02
29	-2.102896e+01	-2.102896e+01	-2.103021e+02	2.513352e-08	1.302918e-01	4.195103e-01	2.497542e-01	9.821045e-02	8.000003e-02
30	-2.102946e+01	-2.102946e+01	-2.103073e+02	2.525622e-08	1.302822e-01	4.194565e-01	2.497930e-01	9.822985e-02	8.000003e-02
31	-2.102993e+01	-2.102993e+01	-2.103119e+02	2.515026e-08	1.302685e-01	4.194069e-01	2.498323e-01	9.824946e-02	8.000003e-02
32	-2.103035e+01	-2.103035e+01	-2.103161e+02	2.534737e-08	1.302605e-01	4.193512e-01	2.498710e-01	9.826885e-02	8.000003e-02
33	-2.103073e+01	-2.103073e+01	-2.103199e+02	2.510450e-08	1.302429e-01	4.193054e-01	2.499107e-01	9.828869e-02	8.000003e-02
34	-2.103102e+01	-2.103102e+01	-2.103232e+02	2.593896e-08	1.302452e-01	4.192388e-01	2.499487e-01	9.830768e-02	8.000003e-02
35	-2.103141e+01	-2.103141e+01	-2.103260e+02	2.367133e-08	1.301973e-01	4.192246e-01	2.499912e-01	9.832892e-02	8.000002e-02
36	-2.102982e+01		-2.103286e+02	6.065559e-08	1.303423e-01	4.190098e-01	2.500158e-01	9.834119e-02	8.000006e-02
37	-2.102842e+01		-2.103273e+02	8.626356e-08	1.304058e-01	4.189793e-01	2.499887e-01	9.832767e-02	8.000009e-02
38	-2.103074e+01		-2.103267e+02	3.867978e-08	1.303127e-01	4.190905e-01	2.499889e-01	9.832776e-02	8.000004e-02
39	-2.103126e+01		-2.103264e+02	2.753586e-08	1.302614e-01	4.191503e-01	2.499898e-01	9.832820e-02	8.000003e-02
40	-2.103142e+01	-2.103142e+01	-2.103262e+02	2.399158e-08	1.302384e-01	4.191770e-01	2.499902e-01	9.832845e-02	8.000002e-02
41	-2.103165e+01	-2.103165e+01	-2.103265e+02	1.994736e-08	1.302698e-01	4.191391e-01	2.499905e-01	9.832855e-02	8.000002e-02
42	-2.103171e+01	-2.103171e+01	-2.103267e+02	1.927671e-08	1.302916e-01	4.191108e-01	2.499917e-01	9.832919e-02	8.000002e-02
43	-2.103175e+01	-2.103175e+01	-2.103269e+02	1.890533e-08	1.303056e-01	4.190906e-01	2.499938e-01	9.833023e-02	8.000002e-02
44	-2.103178e+01	-2.103178e+01	-2.103272e+02	1.873719e-08	1.303142e-01	4.190759e-01	2.499964e-01	9.833154e-02	8.000002e-02
45	-2.103180e+01	-2.103180e+01	-2.103274e+02	1.866959e-08	1.303191e-01	4.190651e-01	2.499994e-01	9.833303e-02	8.000002e-02
46	-2.103183e+01	-2.103183e+01	-2.103276e+02	1.864437e-08	1.303217e-01	4.190566e-01	2.500026e-01	9.833462e-02	8.000002e-02
47	-2.103185e+01	-2.103185e+01	-2.103278e+02	1.863565e-08	1.303229e-01	4.190496e-01	2.500059e-01	9.833627e-02	8.000002e-02
48	-2.103187e+01	-2.103187e+01	-2.103280e+02	1.863295e-08	1.303232e-01	4.190435e-01	2.500093e-01	9.833797e-02	8.000002e-02
49	-2.103189e+01	-2.103189e+01	-2.103282e+02	1.863232e-08	1.303230e-01	4.190380e-01	2.500127e-01	9.833969e-02	8.000002e-02
50	-2.103191e+01	-2.103191e+01	-2.103284e+02	1.863233e-08	1.303224e-01	4.190328e-01	2.500162e-01	9.834142e-02	8.000002e-02
51	-2.103193e+01	-2.103193e+01	-2.103286e+02	1.863247e-08	1.303217e-01	4.190279e-01	2.500197e-01	9.834317e-02	8.000002e-02
52	-2.103195e+01	-2.103195e+01	-2.103288e+02	1.863262e-08	1.303208e-01	4.190230e-01	2.500232e-01	9.834492e-02	8.000002e-02
53	-2.103196e+01	-2.103196e+01	-2.103290e+02	1.863273e-08	1.303199e-01	4.190182e-01	2.500267e-01	9.834667e-02	8.000002e-02
54	-2.103198e+01	-2.103198e+01	-2.103291e+02	1.863281e-08	1.303189e-01	4.190135e-01	2.500302e-01	9.834842e-02	8.000002e-02
55	-2.103200e+01	-2.103200e+01	-2.103293e+02	1.863285e-08	1.303179e-01	4.190087e-01	2.500337e-01	9.835018e-02	8.000002e-02
56	-2.103202e+01	-2.103202e+01	-2.103295e+02	1.863290e-08	1.303169e-01	4.190040e-01	2.500372e-01	9.835194e-02	8.000002e-02
57	-2.103204e+01	-2.103204e+01	-2.103297e+02	1.863295e-08	1.303159e-01	4.189993e-01	2.500407e-01	9.835369e-02	8.000002e-02
58	-2.103205e+01	-2.103205e+01	-2.103298e+02	1.863298e-08	1.303149e-01	4.189946e-01	2.500442e-01	9.835545e-02	8.000002e-02
59	-2.103207e+01	-2.103207e+01	-2.103300e+02	1.863300e-08	1.303139e-01	4.189899e-01	2.500478e-01	9.835721e-02	8.000002e-02
60	-2.103208e+01	-2.103208e+01	-2.103302e+02	1.863303e-08	1.303128e-01	4.189852e-01	2.500513e-01	9.835897e-02	8.000002e-02
61	-2.103210e+01	-2.103210e+01	-2.103303e+02	1.863304e-08	1.303118e-01	4.189805e-01	2.500548e-01	9.836072e-02	8.000002e-02
62	-2.103212e+01	-2.103212e+01	-2.103305e+02	1.863309e-08	1.303108e-01	4.189758e-01	2.500583e-01	9.836248e-02	8.000002e-02
63	-2.103213e+01	-2.103213e+01	-2.103306e+02	1.863310e-08	1.303098e-01	4.189711e-01	2.500618e-01	9.836424e-02	8.000002e-02
64	-2.103214e+01	-2.103214e+01	-2.103308e+02	1.863312e-08	1.303088e-01	4.189664e-01	2.500653e-01	9.836600e-02	8.000002e-02
65	-2.103216e+01	-2.103216e+01	-2.103309e+02	1.863316e-08	1.303077e-01	4.189617e-01	2.500689e-01	9.836776e-02	8.000002e-02
66	-2.103221e+01	-2.103221e+01	-2.103310e+02	1.788693e-08	1.303067e-01	4.189570e-01	2.500724e-01	9.836952e-02	8.000002e-02
67	-2.103223e+01	-2.103223e+01	-2.103312e+02	1.777735e-08	1.303057e-01	4.189523e-01	2.500759e-01	9.837128e-02	8.000002e-02
68	-2.103224e+01	-2.103224e+01	-2.103313e+02	1.777726e-08	1.303047e-01	4.189476e-01	2.500794e-01	9.837304e-02	8.000002e-02
69	-2.103225e+01	-2.103225e+01	-2.103314e+02	1.777708e-08	1.303037e-01	4.189429e-01	2.500829e-01	9.837480e-02	8.000002e-02
70	-2.103226e+01	-2.103226e+01	-2.103316e+02	1.795021e-08	1.303026e-01	4.189382e-01	2.500865e-01	9.837656e-02	8.000002e-02
71	-2.103228e+01	-2.103228e+01	-2.103317e+02	1.777659e-08	1.303016e-01	4.189335e-01	2.500900e-01	9.837832e-02	8.000002e-02
72	-2.103229e+01	-2.103229e+01	-2.103318e+02	1.777636e-08	1.303006e-01	4.189287e-01	2.500935e-01	9.838008e-02	8.000002e-02
73	-2.103229e+01	-2.103229e+01	-2.103319e+02	1.796334e-08	1.302996e-01	4.189240e-01	2.500970e-01	9.838185e-02	8.000002e-02
74	-2.103230e+01	-2.103230e+01	-2.103320e+02	1.796324e-08	1.302986e-01	4.189193e-01	2.501006e-01	9.838361e-02	8.000002e-02
75	-2.103231e+01	-2.103231e+01	-2.103321e+02	1.796329e-08	1.302975e-01	4.189146e-01	2.501041e-01	9.838537e-02	8.000002e-02
76	-2.103217e+01		-2.103322e+02	2.115062e-08	1.302965e-01	4.189099e-01	2.501076e-01	9.838713e-02	8.000002e-02
77	-2.103232e+01	-2.103232e+01	-2.103322e+02	1.790921e-08	1.302982e-01	4.189093e-01	2.501068e-01	9.838671e-02	8.000002e-02
78	-2.103217e+01		-2.103323e+02	2.109312e-08	1.302979e-01	4.189051e-01	2.501095e-01	9.838809e-02	8.000002e-02
79	-2.103233e+01	-2.103233e+01	-2.103323e+02	1.789355e-08	1.302983e-01	4.189050e-01	2.501093e-01	9.838797e-02	8.000002e-02
80	-2.103231e+01		-2.103323e+02	1.858864e-08	1.302976e-01	4.189015e-01	2.501119e-01	9.838926e-02	8.000002e-02
