RTO_iter	rho	tr	tr_adjusted	event	base_cost	base_con	merit	base_merit	cost_unmodified	cost	con_unmodified	con	XFr_A	XFr_B	XFr_E	XFr_P	XFr_G	Ka1	Ka2	Kb1	Kb2	cost_eps	Fa_cost_lam	Fb_cost_lam	Tr_cost_lam	con_eps	Fa_con_lam	Fb_con_lam	Tr_con_lam
0																		2.189000e+08	4.310000e+13	8.077600e+03	1.243800e+04	0.000000e+00	0.000000e+00	0.000000e+00	0.000000e+00	0.000000e+00	0.000000e+00	0.000000e+00	0.000000e+00
1	1.032729e+00	5.000000e-02	1.000000e-01		-7.752530e+01	-3.276256e-02	-1.989546e+01	-7.752530e+00	-1.992171e+02	-1.992171e+02	2.625780e-03	2.625780e-03	1.113367e-01	4.560977e-01	2.516545e-01	9.828534e-02	8.262578e-02	2.189000e+08	4.310000e+13	8.077600e+03	1.243800e+04	1.216918e+02	-3.722328e+01	4.812623e+01	-1.797171e+01	-3.538834e-02	-3.752642e-03	1.690099e-03	-1.715440e-03
2	8.338416e-01	1.000000e-01	1.000000e-01		-1.691410e+02	-1.434392e-02	-1.662375e+01	-1.691410e+01	-1.946515e+02	-1.662375e+02	2.956445e-02	-1.423688e-02	1.067562e-01	4.189253e-01	2.675170e-01	9.723704e-02	1.095645e-01	2.189000e+08	4.310000e+13	8.077600e+03	1.243800e+04	2.551048e+01	-4.828501e+01	4.347390e+01	-1.883392e+01	-4.390838e-02	-3.385278e-03	1.404031e-03	-1.766249e-03
3	-1.666276e+00	1.000000e-01	5.000000e-02		-2.317125e+02	1.796292e-02	-2.420268e+01	-2.299162e+01	-1.230821e+02	-2.437570e+02	7.316366e-02	1.730190e-02	8.803038e-02	3.789977e-01	2.872419e-01	9.256639e-02	1.531637e-01	2.189000e+08	4.310000e+13	8.077600e+03	1.243800e+04	-1.086304e+02	-6.098721e+01	3.088916e+01	-1.653887e+01	-5.520074e-02	-3.810884e-03	1.051450e-03	-1.572910e-03
4	-6.950835e-01	5.000000e-02	2.500000e-02				-2.357842e+01		-1.550190e+02	-2.364362e+02	5.803366e-02	6.520049e-03	1.355591e-01	3.558975e-01	2.776806e-01	9.282910e-02	1.380337e-01												
5	-1.588704e-01	2.500000e-02	1.250000e-02				-2.326341e+01		-1.486766e+02	-2.337912e+02	6.391896e-02	1.157147e-02	1.133307e-01	3.666761e-01	2.826982e-01	9.337610e-02	1.439190e-01												
6	-9.306204e-03	1.250000e-02	6.250000e-03				-2.309779e+01		-1.396362e+02	-2.324110e+02	6.770975e-02	1.433122e-02	1.007864e-01	3.732322e-01	2.850055e-01	9.326616e-02	1.477097e-01												
7	-7.962786e-01	6.250000e-03	3.125000e-03				-2.302283e+01		-1.327727e+02	-2.318154e+02	7.000850e-02	1.587104e-02	9.432835e-02	3.765536e-01	2.860749e-01	9.303462e-02	1.500085e-01												
8	-2.000000e+00	3.125000e-03	1.562500e-03	model merit increases			-2.299604e+01		-1.284403e+02	-2.316384e+02	7.139343e-02	1.678062e-02	9.112196e-02	3.780201e-01	2.866193e-01	9.284520e-02	1.513934e-01												
9	-2.000000e+00	1.562500e-03	7.812500e-04	model merit increases			-2.298950e+01		-1.259304e+02	-2.316269e+02	7.220730e-02	1.731927e-02	8.955150e-02	3.786070e-01	2.869133e-01	9.272088e-02	1.522073e-01												
10	-2.000000e+00	7.812500e-04	3.906250e-04	model merit increases			-2.298917e+01		-1.245580e+02	-2.316541e+02	7.266259e-02	1.762396e-02	8.878346e-02	3.788341e-01	2.870716e-01	9.264825e-02	1.526626e-01												
11	-2.000000e+00	3.906250e-04	1.953125e-04	model merit increases			-2.299000e+01		-1.238382e+02	-2.316787e+02	7.290535e-02	1.778767e-02	8.840665e-02	3.789247e-01	2.871545e-01	9.260881e-02	1.529053e-01												
12	-2.000000e+00	1.953125e-04	9.765625e-05	model merit increases			-2.299068e+01		-1.234728e+02	-2.316940e+02	7.302974e-02	1.787193e-02	8.822231e-02	3.789628e-01	2.871967e-01	9.258844e-02	1.530297e-01												
13	-2.000000e+00	9.765625e-05	4.882813e-05	model merit increases			-2.299108e+01		-1.232957e+02	-2.317021e+02	7.309034e-02	1.791306e-02	8.813463e-02	3.789794e-01	2.872172e-01	9.257848e-02	1.530903e-01												
14	-2.000000e+00	4.882813e-05	2.441406e-05	model merit increases			-2.299127e+01		-1.232184e+02	-2.317058e+02	7.311683e-02	1.793106e-02	8.809674e-02	3.789862e-01	2.872261e-01	9.257411e-02	1.531168e-01												
15	-2.000000e+00	2.441406e-05	1.220703e-05	model merit increases			-2.299134e+01		-1.231907e+02	-2.317072e+02	7.312634e-02	1.793753e-02	8.808320e-02	3.789886e-01	2.872293e-01	9.257255e-02	1.531263e-01												
16	-2.000000e+00	1.220703e-05	6.103516e-06	model merit increases			-2.299136e+01		-1.231826e+02	-2.317076e+02	7.312913e-02	1.793943e-02	8.807923e-02	3.789893e-01	2.872303e-01	9.257209e-02	1.531291e-01												
17	-2.000000e+00	6.103516e-06	3.051758e-06	model merit increases			-2.299137e+01		-1.231805e+02	-2.317077e+02	7.312986e-02	1.793993e-02	8.807819e-02	3.789895e-01	2.872305e-01	9.257196e-02	1.531299e-01												
18	-2.000000e+00	3.051758e-06	1.525879e-06	model merit increases			-2.299137e+01		-1.231799e+02	-2.317077e+02	7.313005e-02	1.794005e-02	8.807792e-02	3.789895e-01	2.872306e-01	9.257193e-02	1.531300e-01												
19	-2.000000e+00	1.525879e-06	7.629395e-07	model merit increases			-2.299137e+01		-1.231798e+02	-2.317077e+02	7.313009e-02	1.794009e-02	8.807786e-02	3.789895e-01	2.872306e-01	9.257193e-02	1.531301e-01												
20	-2.000000e+00	7.629395e-07	3.814697e-07	model merit increases			-2.299137e+01		-1.231797e+02	-2.317077e+02	7.313011e-02	1.794009e-02	8.807784e-02	3.789895e-01	2.872306e-01	9.257192e-02	1.531301e-01												
21	-2.000000e+00	3.814697e-07	1.907349e-07	model merit increases			-2.299137e+01		-1.231797e+02	-2.317077e+02	7.313011e-02	1.794010e-02	8.807784e-02	3.789895e-01	2.872306e-01	9.257192e-02	1.531301e-01												
22	-2.000000e+00	1.907349e-07	9.536743e-08	model merit increases			-2.299137e+01		-1.231797e+02	-2.317077e+02	7.313011e-02	1.794010e-02	8.807784e-02	3.789895e-01	2.872306e-01	9.257192e-02	1.531301e-01												
23	-2.000000e+00	9.536743e-08	4.768372e-08	model merit increases			-2.299137e+01		-1.231797e+02	-2.317077e+02	7.313011e-02	1.794010e-02	8.807784e-02	3.789895e-01	2.872306e-01	9.257192e-02	1.531301e-01												
24	-2.000000e+00	4.768372e-08	2.384186e-08	model merit increases			-2.299137e+01		-1.231797e+02	-2.317077e+02	7.313011e-02	1.794010e-02	8.807784e-02	3.789895e-01	2.872306e-01	9.257192e-02	1.531301e-01												
25	-2.000000e+00	2.384186e-08	1.192093e-08	model merit increases			-2.299137e+01		-1.231797e+02	-2.317077e+02	7.313011e-02	1.794010e-02	8.807784e-02	3.789895e-01	2.872306e-01	9.257192e-02	1.531301e-01												
26	-2.000000e+00	1.192093e-08	1.000000e-08	trust region too small			-2.299137e+01		-1.231797e+02	-2.317077e+02	7.313011e-02	1.794010e-02	8.807784e-02	3.789895e-01	2.872306e-01	9.257192e-02	1.531301e-01												
27	-2.000000e+00	1.000000e-08	1.000000e-08	trust region too small			-2.299137e+01		-1.231797e+02	-2.317077e+02	7.313011e-02	1.794010e-02	8.807784e-02	3.789895e-01	2.872306e-01	9.257192e-02	1.531301e-01												
28	-2.000000e+00	1.000000e-08	1.000000e-08	trust region too small			-2.299137e+01		-1.231797e+02	-2.317077e+02	7.313011e-02	1.794010e-02	8.807784e-02	3.789895e-01	2.872306e-01	9.257192e-02	1.531301e-01												
29	-2.000000e+00	1.000000e-08	1.000000e-08	trust region too small			-2.299137e+01		-1.231797e+02	-2.317077e+02	7.313011e-02	1.794010e-02	8.807784e-02	3.789895e-01	2.872306e-01	9.257192e-02	1.531301e-01												
30	-2.000000e+00	1.000000e-08	1.000000e-08	trust region too small			-2.299137e+01		-1.231797e+02	-2.317077e+02	7.313011e-02	1.794010e-02	8.807784e-02	3.789895e-01	2.872306e-01	9.257192e-02	1.531301e-01												
31	-2.000000e+00	1.000000e-08	1.000000e-08	trust region too small			-2.299137e+01		-1.231797e+02	-2.317077e+02	7.313011e-02	1.794010e-02	8.807784e-02	3.789895e-01	2.872306e-01	9.257192e-02	1.531301e-01												
32	-2.000000e+00	1.000000e-08	1.000000e-08	trust region too small			-2.299137e+01		-1.231797e+02	-2.317077e+02	7.313011e-02	1.794010e-02	8.807784e-02	3.789895e-01	2.872306e-01	9.257192e-02	1.531301e-01												
33	-2.000000e+00	1.000000e-08	1.000000e-08	trust region too small			-2.299137e+01		-1.231797e+02	-2.317077e+02	7.313011e-02	1.794010e-02	8.807784e-02	3.789895e-01	2.872306e-01	9.257192e-02	1.531301e-01												
34	-2.000000e+00	1.000000e-08	1.000000e-08	trust region too small			-2.299137e+01		-1.231797e+02	-2.317077e+02	7.313011e-02	1.794010e-02	8.807784e-02	3.789895e-01	2.872306e-01	9.257192e-02	1.531301e-01												
35	-2.000000e+00	1.000000e-08	1.000000e-08	trust region too small			-2.299137e+01		-1.231797e+02	-2.317077e+02	7.313011e-02	1.794010e-02	8.807784e-02	3.789895e-01	2.872306e-01	9.257192e-02	1.531301e-01												
36	-2.000000e+00	1.000000e-08	1.000000e-08	trust region too small			-2.299137e+01		-1.231797e+02	-2.317077e+02	7.313011e-02	1.794010e-02	8.807784e-02	3.789895e-01	2.872306e-01	9.257192e-02	1.531301e-01												
37	-2.000000e+00	1.000000e-08	1.000000e-08	trust region too small			-2.299137e+01		-1.231797e+02	-2.317077e+02	7.313011e-02	1.794010e-02	8.807784e-02	3.789895e-01	2.872306e-01	9.257192e-02	1.531301e-01												
38	-2.000000e+00	1.000000e-08	1.000000e-08	trust region too small			-2.299137e+01		-1.231797e+02	-2.317077e+02	7.313011e-02	1.794010e-02	8.807784e-02	3.789895e-01	2.872306e-01	9.257192e-02	1.531301e-01												
39	-2.000000e+00	1.000000e-08	1.000000e-08	trust region too small			-2.299137e+01		-1.231797e+02	-2.317077e+02	7.313011e-02	1.794010e-02	8.807784e-02	3.789895e-01	2.872306e-01	9.257192e-02	1.531301e-01												
40	-2.000000e+00	1.000000e-08	1.000000e-08	trust region too small			-2.299137e+01		-1.231797e+02	-2.317077e+02	7.313011e-02	1.794010e-02	8.807784e-02	3.789895e-01	2.872306e-01	9.257192e-02	1.531301e-01												
41	-2.000000e+00	1.000000e-08	1.000000e-08	trust region too small			-2.299137e+01		-1.231797e+02	-2.317077e+02	7.313011e-02	1.794010e-02	8.807784e-02	3.789895e-01	2.872306e-01	9.257192e-02	1.531301e-01												
42	-2.000000e+00	1.000000e-08	1.000000e-08	trust region too small			-2.299137e+01		-1.231797e+02	-2.317077e+02	7.313011e-02	1.794010e-02	8.807784e-02	3.789895e-01	2.872306e-01	9.257192e-02	1.531301e-01												
43	-2.000000e+00	1.000000e-08	1.000000e-08	trust region too small			-2.299137e+01		-1.231797e+02	-2.317077e+02	7.313011e-02	1.794010e-02	8.807784e-02	3.789895e-01	2.872306e-01	9.257192e-02	1.531301e-01												
44	-2.000000e+00	1.000000e-08	1.000000e-08	trust region too small			-2.299137e+01		-1.231797e+02	-2.317077e+02	7.313011e-02	1.794010e-02	8.807784e-02	3.789895e-01	2.872306e-01	9.257192e-02	1.531301e-01												
45	-2.000000e+00	1.000000e-08	1.000000e-08	trust region too small			-2.299137e+01		-1.231797e+02	-2.317077e+02	7.313011e-02	1.794010e-02	8.807784e-02	3.789895e-01	2.872306e-01	9.257192e-02	1.531301e-01												
46	-2.000000e+00	1.000000e-08	1.000000e-08	trust region too small			-2.299137e+01		-1.231797e+02	-2.317077e+02	7.313011e-02	1.794010e-02	8.807784e-02	3.789895e-01	2.872306e-01	9.257192e-02	1.531301e-01												
47	-2.000000e+00	1.000000e-08	1.000000e-08	trust region too small			-2.299137e+01		-1.231797e+02	-2.317077e+02	7.313011e-02	1.794010e-02	8.807784e-02	3.789895e-01	2.872306e-01	9.257192e-02	1.531301e-01												
48	-2.000000e+00	1.000000e-08	1.000000e-08	trust region too small			-2.299137e+01		-1.231797e+02	-2.317077e+02	7.313011e-02	1.794010e-02	8.807784e-02	3.789895e-01	2.872306e-01	9.257192e-02	1.531301e-01												
49	-2.000000e+00	1.000000e-08	1.000000e-08	trust region too small			-2.299137e+01		-1.231797e+02	-2.317077e+02	7.313011e-02	1.794010e-02	8.807784e-02	3.789895e-01	2.872306e-01	9.257192e-02	1.531301e-01												
50	-2.000000e+00	1.000000e-08	1.000000e-08	trust region too small			-2.299137e+01		-1.231797e+02	-2.317077e+02	7.313011e-02	1.794010e-02	8.807784e-02	3.789895e-01	2.872306e-01	9.257192e-02	1.531301e-01												
51	-2.000000e+00	1.000000e-08	1.000000e-08	trust region too small			-2.299137e+01		-1.231797e+02	-2.317077e+02	7.313011e-02	1.794010e-02	8.807784e-02	3.789895e-01	2.872306e-01	9.257192e-02	1.531301e-01												
52	-2.000000e+00	1.000000e-08	1.000000e-08	trust region too small			-2.299137e+01		-1.231797e+02	-2.317077e+02	7.313011e-02	1.794010e-02	8.807784e-02	3.789895e-01	2.872306e-01	9.257192e-02	1.531301e-01												
53	-2.000000e+00	1.000000e-08	1.000000e-08	trust region too small			-2.299137e+01		-1.231797e+02	-2.317077e+02	7.313011e-02	1.794010e-02	8.807784e-02	3.789895e-01	2.872306e-01	9.257192e-02	1.531301e-01												
54	-2.000000e+00	1.000000e-08	1.000000e-08	trust region too small			-2.299137e+01		-1.231797e+02	-2.317077e+02	7.313011e-02	1.794010e-02	8.807784e-02	3.789895e-01	2.872306e-01	9.257192e-02	1.531301e-01												
55	-2.000000e+00	1.000000e-08	1.000000e-08	trust region too small			-2.299137e+01		-1.231797e+02	-2.317077e+02	7.313011e-02	1.794010e-02	8.807784e-02	3.789895e-01	2.872306e-01	9.257192e-02	1.531301e-01												
56	-2.000000e+00	1.000000e-08	1.000000e-08	trust region too small			-2.299137e+01		-1.231797e+02	-2.317077e+02	7.313011e-02	1.794010e-02	8.807784e-02	3.789895e-01	2.872306e-01	9.257192e-02	1.531301e-01												
57	-2.000000e+00	1.000000e-08	1.000000e-08	trust region too small			-2.299137e+01		-1.231797e+02	-2.317077e+02	7.313011e-02	1.794010e-02	8.807784e-02	3.789895e-01	2.872306e-01	9.257192e-02	1.531301e-01												
58	-2.000000e+00	1.000000e-08	1.000000e-08	trust region too small			-2.299137e+01		-1.231797e+02	-2.317077e+02	7.313011e-02	1.794010e-02	8.807784e-02	3.789895e-01	2.872306e-01	9.257192e-02	1.531301e-01												
59	-2.000000e+00	1.000000e-08	1.000000e-08	trust region too small			-2.299137e+01		-1.231797e+02	-2.317077e+02	7.313011e-02	1.794010e-02	8.807784e-02	3.789895e-01	2.872306e-01	9.257192e-02	1.531301e-01												
60	-2.000000e+00	1.000000e-08	1.000000e-08	trust region too small			-2.299137e+01		-1.231797e+02	-2.317077e+02	7.313011e-02	1.794010e-02	8.807784e-02	3.789895e-01	2.872306e-01	9.257192e-02	1.531301e-01												
61	-2.000000e+00	1.000000e-08	1.000000e-08	trust region too small			-2.299137e+01		-1.231797e+02	-2.317077e+02	7.313011e-02	1.794010e-02	8.807784e-02	3.789895e-01	2.872306e-01	9.257192e-02	1.531301e-01												
62	-2.000000e+00	1.000000e-08	1.000000e-08	trust region too small			-2.299137e+01		-1.231797e+02	-2.317077e+02	7.313011e-02	1.794010e-02	8.807784e-02	3.789895e-01	2.872306e-01	9.257192e-02	1.531301e-01												
63	-2.000000e+00	1.000000e-08	1.000000e-08	trust region too small			-2.299137e+01		-1.231797e+02	-2.317077e+02	7.313011e-02	1.794010e-02	8.807784e-02	3.789895e-01	2.872306e-01	9.257192e-02	1.531301e-01												
64	-2.000000e+00	1.000000e-08	1.000000e-08	trust region too small			-2.299137e+01		-1.231797e+02	-2.317077e+02	7.313011e-02	1.794010e-02	8.807784e-02	3.789895e-01	2.872306e-01	9.257192e-02	1.531301e-01												
65	-2.000000e+00	1.000000e-08	1.000000e-08	trust region too small			-2.299137e+01		-1.231797e+02	-2.317077e+02	7.313011e-02	1.794010e-02	8.807784e-02	3.789895e-01	2.872306e-01	9.257192e-02	1.531301e-01												
66	-2.000000e+00	1.000000e-08	1.000000e-08	trust region too small			-2.299137e+01		-1.231797e+02	-2.317077e+02	7.313011e-02	1.794010e-02	8.807784e-02	3.789895e-01	2.872306e-01	9.257192e-02	1.531301e-01												
67	-2.000000e+00	1.000000e-08	1.000000e-08	trust region too small			-2.299137e+01		-1.231797e+02	-2.317077e+02	7.313011e-02	1.794010e-02	8.807784e-02	3.789895e-01	2.872306e-01	9.257192e-02	1.531301e-01												
68	-2.000000e+00	1.000000e-08	1.000000e-08	trust region too small			-2.299137e+01		-1.231797e+02	-2.317077e+02	7.313011e-02	1.794010e-02	8.807784e-02	3.789895e-01	2.872306e-01	9.257192e-02	1.531301e-01												
69	-2.000000e+00	1.000000e-08	1.000000e-08	trust region too small			-2.299137e+01		-1.231797e+02	-2.317077e+02	7.313011e-02	1.794010e-02	8.807784e-02	3.789895e-01	2.872306e-01	9.257192e-02	1.531301e-01												
70	-2.000000e+00	1.000000e-08	1.000000e-08	trust region too small			-2.299137e+01		-1.231797e+02	-2.317077e+02	7.313011e-02	1.794010e-02	8.807784e-02	3.789895e-01	2.872306e-01	9.257192e-02	1.531301e-01												
71	-2.000000e+00	1.000000e-08	1.000000e-08	trust region too small			-2.299137e+01		-1.231797e+02	-2.317077e+02	7.313011e-02	1.794010e-02	8.807784e-02	3.789895e-01	2.872306e-01	9.257192e-02	1.531301e-01												
72	-2.000000e+00	1.000000e-08	1.000000e-08	trust region too small			-2.299137e+01		-1.231797e+02	-2.317077e+02	7.313011e-02	1.794010e-02	8.807784e-02	3.789895e-01	2.872306e-01	9.257192e-02	1.531301e-01												
73	-2.000000e+00	1.000000e-08	1.000000e-08	trust region too small			-2.299137e+01		-1.231797e+02	-2.317077e+02	7.313011e-02	1.794010e-02	8.807784e-02	3.789895e-01	2.872306e-01	9.257192e-02	1.531301e-01												
74	-2.000000e+00	1.000000e-08	1.000000e-08	trust region too small			-2.299137e+01		-1.231797e+02	-2.317077e+02	7.313011e-02	1.794010e-02	8.807784e-02	3.789895e-01	2.872306e-01	9.257192e-02	1.531301e-01												
75	-2.000000e+00	1.000000e-08	1.000000e-08	trust region too small			-2.299137e+01		-1.231797e+02	-2.317077e+02	7.313011e-02	1.794010e-02	8.807784e-02	3.789895e-01	2.872306e-01	9.257192e-02	1.531301e-01												
76	-2.000000e+00	1.000000e-08	1.000000e-08	trust region too small			-2.299137e+01		-1.231797e+02	-2.317077e+02	7.313011e-02	1.794010e-02	8.807784e-02	3.789895e-01	2.872306e-01	9.257192e-02	1.531301e-01												
77	-2.000000e+00	1.000000e-08	1.000000e-08	trust region too small			-2.299137e+01		-1.231797e+02	-2.317077e+02	7.313011e-02	1.794010e-02	8.807784e-02	3.789895e-01	2.872306e-01	9.257192e-02	1.531301e-01												
78	-2.000000e+00	1.000000e-08	1.000000e-08	trust region too small			-2.299137e+01		-1.231797e+02	-2.317077e+02	7.313011e-02	1.794010e-02	8.807784e-02	3.789895e-01	2.872306e-01	9.257192e-02	1.531301e-01												
79	-2.000000e+00	1.000000e-08	1.000000e-08	trust region too small			-2.299137e+01		-1.231797e+02	-2.317077e+02	7.313011e-02	1.794010e-02	8.807784e-02	3.789895e-01	2.872306e-01	9.257192e-02	1.531301e-01												
80		1.000000e-08					-2.299137e+01		-1.231797e+02	-2.317077e+02	7.313011e-02	1.794010e-02	8.807784e-02	3.789895e-01	2.872306e-01	9.257192e-02	1.531301e-01												
