RTO_iter	merit	base_merit	cost	con	XFr_A	XFr_B	XFr_E	XFr_P	XFr_G
1	-7.752530e+00	-7.752530e+00	-7.752530e+01	-3.276256e-02	1.295174e-01	4.930493e-01	2.141127e-01	9.131054e-02	4.723744e-02
2	-1.691410e+01	-1.691410e+01	-1.691410e+02	-1.434392e-02	1.257488e-01	4.534906e-01	2.363716e-01	9.630046e-02	6.565608e-02
3	-1.988569e+01	-1.988569e+01	-2.034032e+02	9.092703e-04	9.972033e-02	4.487037e-01	2.538434e-01	9.995195e-02	8.090927e-02
4	-1.935228e+01		-2.150881e+02	4.313067e-03	1.483011e-01	3.919746e-01	2.521731e-01	9.798221e-02	8.431307e-02
5	-2.062052e+01	-2.062052e+01	-2.123427e+02	1.227501e-03	1.244123e-01	4.211135e-01	2.526605e-01	9.925439e-02	8.122750e-02
6	-2.064480e+01	-2.064480e+01	-2.093384e+02	5.780915e-04	1.462774e-01	4.010031e-01	2.492256e-01	9.775343e-02	8.057809e-02
7	-2.074754e+01	-2.074754e+01	-2.110201e+02	7.089443e-04	1.210848e-01	4.263940e-01	2.520191e-01	9.910658e-02	8.070894e-02
8	-2.062921e+01		-2.100701e+02	7.555947e-04	1.447581e-01	4.025828e-01	2.493263e-01	9.774460e-02	8.075559e-02
9	-2.095831e+01	-2.095831e+01	-2.106570e+02	2.147876e-04	1.334670e-01	4.145430e-01	2.503917e-01	9.845760e-02	8.021479e-02
10	-2.090603e+01		-2.100189e+02	1.917133e-04	1.214068e-01	4.269389e-01	2.516032e-01	9.907105e-02	8.019171e-02
11	-2.100843e+01	-2.100843e+01	-2.103429e+02	5.171533e-05	1.272008e-01	4.213019e-01	2.508732e-01	9.875269e-02	8.005172e-02
12	-2.101045e+01	-2.101045e+01	-2.103438e+02	4.784852e-05	1.332076e-01	4.152153e-01	2.502203e-01	9.842753e-02	8.004785e-02
13	-2.100806e+01		-2.103311e+02	5.009853e-05	1.269723e-01	4.216169e-01	2.508487e-01	9.874098e-02	8.005010e-02
14	-2.102841e+01	-2.102841e+01	-2.103490e+02	1.298122e-05	1.300380e-01	4.185568e-01	2.504977e-01	9.857785e-02	8.001298e-02
15	-2.102770e+01		-2.103074e+02	6.088129e-06	1.322633e-01	4.164408e-01	2.501748e-01	9.841871e-02	8.000609e-02
16	-2.103158e+01	-2.103158e+01	-2.103230e+02	1.451908e-06	1.311237e-01	4.175425e-01	2.503316e-01	9.849865e-02	8.000145e-02
17	-2.103129e+01		-2.103296e+02	3.331558e-06	1.295390e-01	4.191853e-01	2.504815e-01	9.857298e-02	8.000333e-02
18	-2.103246e+01	-2.103246e+01	-2.103289e+02	8.525616e-07	1.303315e-01	4.183741e-01	2.504008e-01	9.853345e-02	8.000085e-02
19	-2.103291e+01	-2.103291e+01	-2.103293e+02	2.139538e-08	1.303860e-01	4.183841e-01	2.503564e-01	9.851150e-02	8.000002e-02
20	-2.103034e+01		-2.103186e+02	3.025860e-06	1.288743e-01	4.199196e-01	2.505176e-01	9.859113e-02	8.000303e-02
21	-2.103237e+01		-2.103280e+02	8.489746e-07	1.296024e-01	4.192107e-01	2.504219e-01	9.854401e-02	8.000085e-02
22	-2.103293e+01	-2.103293e+01	-2.103301e+02	1.621409e-07	1.300693e-01	4.187343e-01	2.503734e-01	9.851996e-02	8.000016e-02
23	-2.103300e+01	-2.103300e+01	-2.103307e+02	1.395559e-07	1.303772e-01	4.184339e-01	2.503330e-01	9.849977e-02	8.000014e-02
24	-2.103301e+01	-2.103301e+01	-2.103310e+02	1.815100e-07	1.300374e-01	4.188056e-01	2.503536e-01	9.851009e-02	8.000018e-02
25	-2.103308e+01	-2.103308e+01	-2.103316e+02	1.572685e-07	1.303723e-01	4.184740e-01	2.503127e-01	9.848961e-02	8.000016e-02
26	-2.103305e+01		-2.103315e+02	2.056445e-07	1.300060e-01	4.188691e-01	2.503382e-01	9.850239e-02	8.000021e-02
27	-2.103314e+01	-2.103314e+01	-2.103317e+02	5.955344e-08	1.302050e-01	4.186584e-01	2.503221e-01	9.849435e-02	8.000006e-02
28	-2.103317e+01	-2.103317e+01	-2.103319e+02	3.288863e-08	1.303142e-01	4.185586e-01	2.503037e-01	9.848517e-02	8.000003e-02
29	-2.103320e+01	-2.103320e+01	-2.103322e+02	3.257958e-08	1.302213e-01	4.186705e-01	2.503033e-01	9.848495e-02	8.000003e-02
30	-2.103322e+01	-2.103322e+01	-2.103324e+02	3.235714e-08	1.303286e-01	4.185728e-01	2.502850e-01	9.847584e-02	8.000003e-02
31	-2.103323e+01	-2.103323e+01	-2.103326e+02	5.132012e-08	1.301798e-01	4.187395e-01	2.502917e-01	9.847919e-02	8.000005e-02
32	-2.103325e+01	-2.103325e+01	-2.103328e+02	4.758657e-08	1.303319e-01	4.185920e-01	2.502713e-01	9.846897e-02	8.000005e-02
33	-2.103325e+01	-2.103325e+01	-2.103328e+02	6.237995e-08	1.301575e-01	4.187826e-01	2.502820e-01	9.847431e-02	8.000006e-02
34	-2.103327e+01	-2.103327e+01	-2.103330e+02	5.520566e-08	1.303270e-01	4.186150e-01	2.502611e-01	9.846386e-02	8.000006e-02
35	-2.103327e+01		-2.103330e+02	6.738766e-08	1.301420e-01	4.188151e-01	2.502737e-01	9.847017e-02	8.000007e-02
36	-2.103329e+01	-2.103329e+01	-2.103330e+02	2.954404e-08	1.302365e-01	4.187148e-01	2.502661e-01	9.846640e-02	8.000003e-02
37	-2.103330e+01	-2.103330e+01	-2.103331e+02	2.384050e-08	1.302996e-01	4.186564e-01	2.502560e-01	9.846131e-02	8.000002e-02
38	-2.103331e+01	-2.103331e+01	-2.103332e+02	2.421081e-08	1.302439e-01	4.187225e-01	2.502563e-01	9.846149e-02	8.000002e-02
39	-2.103331e+01	-2.103331e+01	-2.103332e+02	2.395589e-08	1.303077e-01	4.186633e-01	2.502461e-01	9.845638e-02	8.000002e-02
40	-2.103331e+01	-2.103331e+01	-2.103333e+02	3.034048e-08	1.302213e-01	4.187592e-01	2.502506e-01	9.845861e-02	8.000003e-02
41	-2.103332e+01	-2.103332e+01	-2.103333e+02	2.824982e-08	1.303069e-01	4.186757e-01	2.502394e-01	9.845301e-02	8.000003e-02
42	-2.103332e+01	-2.103332e+01	-2.103334e+02	3.259079e-08	1.302115e-01	4.187798e-01	2.502453e-01	9.845596e-02	8.000003e-02
43	-2.103333e+01	-2.103333e+01	-2.103334e+02	3.016321e-08	1.303048e-01	4.186873e-01	2.502339e-01	9.845027e-02	8.000003e-02
44	-2.103332e+01		-2.103334e+02	3.427983e-08	1.302031e-01	4.187971e-01	2.502410e-01	9.845382e-02	8.000003e-02
45	-2.103333e+01	-2.103333e+01	-2.103334e+02	2.265914e-08	1.302457e-01	4.187523e-01	2.502374e-01	9.845202e-02	8.000002e-02
46	-2.103333e+01	-2.103333e+01	-2.103334e+02	2.031943e-08	1.302955e-01	4.187044e-01	2.502304e-01	9.844854e-02	8.000002e-02
47	-2.103334e+01	-2.103334e+01	-2.103335e+02	2.155057e-08	1.302436e-01	4.187625e-01	2.502328e-01	9.844973e-02	8.000002e-02
48	-2.103334e+01	-2.103334e+01	-2.103335e+02	2.094312e-08	1.302979e-01	4.187095e-01	2.502257e-01	9.844616e-02	8.000002e-02
49	-2.103334e+01		-2.103335e+02	2.325670e-08	1.302352e-01	4.187776e-01	2.502298e-01	9.844822e-02	8.000002e-02
50	-2.103334e+01	-2.103334e+01	-2.103335e+02	2.091385e-08	1.302502e-01	4.187617e-01	2.502286e-01	9.844760e-02	8.000002e-02
51	-2.103334e+01	-2.103334e+01	-2.103335e+02	1.957476e-08	1.302926e-01	4.187204e-01	2.502229e-01	9.844478e-02	8.000002e-02
52	-2.103334e+01	-2.103334e+01	-2.103335e+02	2.066052e-08	1.302470e-01	4.187707e-01	2.502254e-01	9.844605e-02	8.000002e-02
53	-2.103334e+01	-2.103334e+01	-2.103335e+02	2.000121e-08	1.302930e-01	4.187254e-01	2.502197e-01	9.844318e-02	8.000002e-02
54	-2.103334e+01		-2.103335e+02	2.139827e-08	1.302420e-01	4.187806e-01	2.502232e-01	9.844493e-02	8.000002e-02
55	-2.103334e+01		-2.103335e+02	2.073559e-08	1.302467e-01	4.187757e-01	2.502228e-01	9.844471e-02	8.000002e-02
56	-2.103334e+01	-2.103334e+01	-2.103335e+02	2.057990e-08	1.302479e-01	4.187744e-01	2.502227e-01	9.844466e-02	8.000002e-02
57	-2.103334e+01	-2.103334e+01	-2.103335e+02	1.969647e-08	1.302908e-01	4.187318e-01	2.502174e-01	9.844205e-02	8.000002e-02
58	-2.103334e+01		-2.103335e+02	2.078764e-08	1.302442e-01	4.187821e-01	2.502207e-01	9.844368e-02	8.000002e-02
59	-2.103334e+01		-2.103335e+02	2.072940e-08	1.302445e-01	4.187818e-01	2.502207e-01	9.844366e-02	8.000002e-02
60	-2.103334e+01		-2.103335e+02	2.071851e-08	1.302446e-01	4.187817e-01	2.502207e-01	9.844366e-02	8.000002e-02
61	-2.103334e+01		-2.103335e+02	2.071584e-08	1.302446e-01	4.187817e-01	2.502207e-01	9.844365e-02	8.000002e-02
62	-2.103334e+01		-2.103335e+02	2.071518e-08	1.302446e-01	4.187817e-01	2.502207e-01	9.844365e-02	8.000002e-02
63	-2.103334e+01		-2.103335e+02	2.071502e-08	1.302446e-01	4.187817e-01	2.502207e-01	9.844365e-02	8.000002e-02
64	-2.103334e+01		-2.103335e+02	2.071498e-08	1.302446e-01	4.187817e-01	2.502207e-01	9.844365e-02	8.000002e-02
65	-2.103334e+01		-2.103335e+02	2.071496e-08	1.302446e-01	4.187817e-01	2.502207e-01	9.844365e-02	8.000002e-02
66	-2.103334e+01		-2.103335e+02	2.071496e-08	1.302446e-01	4.187817e-01	2.502207e-01	9.844365e-02	8.000002e-02
67	-2.103334e+01		-2.103335e+02	2.071496e-08	1.302446e-01	4.187817e-01	2.502207e-01	9.844365e-02	8.000002e-02
68	-2.103334e+01		-2.103335e+02	2.071496e-08	1.302446e-01	4.187817e-01	2.502207e-01	9.844365e-02	8.000002e-02
69	-2.103334e+01		-2.103335e+02	2.071496e-08	1.302446e-01	4.187817e-01	2.502207e-01	9.844365e-02	8.000002e-02
70	-2.103334e+01		-2.103335e+02	2.071496e-08	1.302446e-01	4.187817e-01	2.502207e-01	9.844365e-02	8.000002e-02
71	-2.103334e+01		-2.103335e+02	2.071496e-08	1.302446e-01	4.187817e-01	2.502207e-01	9.844365e-02	8.000002e-02
72	-2.103334e+01		-2.103335e+02	2.071496e-08	1.302446e-01	4.187817e-01	2.502207e-01	9.844365e-02	8.000002e-02
73	-2.103334e+01		-2.103335e+02	2.071496e-08	1.302446e-01	4.187817e-01	2.502207e-01	9.844365e-02	8.000002e-02
74	-2.103334e+01		-2.103335e+02	2.071496e-08	1.302446e-01	4.187817e-01	2.502207e-01	9.844365e-02	8.000002e-02
75	-2.103334e+01		-2.103335e+02	2.071496e-08	1.302446e-01	4.187817e-01	2.502207e-01	9.844365e-02	8.000002e-02
76	-2.103334e+01		-2.103335e+02	2.071496e-08	1.302446e-01	4.187817e-01	2.502207e-01	9.844365e-02	8.000002e-02
77	-2.103334e+01		-2.103335e+02	2.071496e-08	1.302446e-01	4.187817e-01	2.502207e-01	9.844365e-02	8.000002e-02
78	-2.103334e+01		-2.103335e+02	2.071496e-08	1.302446e-01	4.187817e-01	2.502207e-01	9.844365e-02	8.000002e-02
79	-2.103334e+01		-2.103335e+02	2.071496e-08	1.302446e-01	4.187817e-01	2.502207e-01	9.844365e-02	8.000002e-02
80	-2.103334e+01		-2.103335e+02	2.071496e-08	1.302446e-01	4.187817e-01	2.502207e-01	9.844365e-02	8.000002e-02
