RTO_iter	rho	tr	tr_adjusted	event	base_cost	base_con	merit	base_merit	cost_unmodified	cost	con_unmodified	con	XFr_A	XFr_B	XFr_E	XFr_P	XFr_G	Ka1	Ka2	Kb1	Kb2	cost_eps	Fa_cost_lam	Fb_cost_lam	Tr_cost_lam	con_eps	Fa_con_lam	Fb_con_lam	Tr_con_lam
0																		2.189000e+08	4.310000e+13	8.077600e+03	1.243800e+04	0.000000e+00	0.000000e+00	0.000000e+00	0.000000e+00	0.000000e+00	0.000000e+00	0.000000e+00	0.000000e+00
1	9.868444e-01	1.000000e-01	2.000000e-01		-7.752530e+01	-3.276256e-02	3.259389e+01	-7.752530e+00	-1.992171e+02	-1.992171e+02	2.625780e-03	2.625780e-03	1.113367e-01	4.560977e-01	2.516545e-01	9.828534e-02	8.262578e-02	2.189000e+08	4.310000e+13	8.077600e+03	1.243800e+04	1.216918e+02	-3.722328e+01	4.812623e+01	-1.797171e+01	-3.538834e-02	-3.752642e-03	1.690099e-03	-1.715440e-03
2	-5.554426e+01	2.000000e-01	1.000000e-01		-2.093185e+02	-3.070949e-06	-2.110754e+01	-2.093185e+01	-1.723140e+02	-2.110756e+02	4.861449e-02	8.988282e-10	1.005438e-01	3.972200e-01	2.776621e-01	9.595957e-02	1.286145e-01	2.189000e+08	4.310000e+13	8.077600e+03	1.243800e+04	-3.700453e+01	-5.378315e+01	3.822244e+01	-1.770116e+01	-4.861756e-02	-3.250968e-03	1.143993e-03	-1.710960e-03
3	-5.554426e+01	1.000000e-01	5.000000e-02				-2.164641e+01		-1.714034e+02	-2.164643e+02	4.815589e-02	6.300699e-10	1.435387e-01	3.614499e-01	2.730494e-01	9.380607e-02	1.281559e-01												
4	-3.675945e+01	5.000000e-02	2.500000e-02				-2.164641e+01		-1.714034e+02	-2.164643e+02	4.815589e-02	6.300695e-10	1.435387e-01	3.614499e-01	2.730494e-01	9.380607e-02	1.281559e-01												
5	-1.938919e+01	2.500000e-02	1.250000e-02				-2.137738e+01		-1.779991e+02	-2.137740e+02	4.758184e-02	8.990171e-10	1.274997e-01	3.745093e-01	2.752910e-01	9.511820e-02	1.275818e-01												
6	-9.538200e+00	1.250000e-02	6.250000e-03				-2.116445e+01		-1.778083e+02	-2.116446e+02	4.780410e-02	8.990742e-10	1.144243e-01	3.853900e-01	2.766553e-01	9.572629e-02	1.278041e-01												
7	-4.318894e+00	6.250000e-03	3.125000e-03				-2.105026e+01		-1.758184e+02	-2.105028e+02	4.812591e-02	8.989595e-10	1.075357e-01	3.912175e-01	2.772197e-01	9.590119e-02	1.281259e-01												
8	-1.647751e+00	3.125000e-03	1.562500e-03				-2.099176e+01		-1.742636e+02	-2.099178e+02	4.834959e-02	8.991034e-10	1.040431e-01	3.942020e-01	2.774590e-01	9.594632e-02	1.283496e-01												
9	-3.012969e-01	1.562500e-03	7.812500e-04				-2.096222e+01		-1.733370e+02	-2.096224e+02	4.847829e-02	8.991160e-10	1.022931e-01	3.957056e-01	2.775660e-01	9.595692e-02	1.284783e-01												
10	3.710120e-01	7.812500e-04	7.812500e-04				-2.094739e+01		-1.728360e+02	-2.094741e+02	4.854691e-02	8.991160e-10	1.014192e-01	3.964588e-01	2.776161e-01	9.595906e-02	1.285469e-01												
11	5.850475e-01	7.812500e-04	7.812500e-04		-2.093991e+02	2.521198e-07	-2.093998e+01	-2.093486e+01	-1.725767e+02	-2.093999e+02	4.858221e-02	8.991149e-10	1.009838e-01	3.968345e-01	2.776401e-01	9.595932e-02	1.285822e-01	2.189000e+08	4.310000e+13	8.077600e+03	1.243800e+04	-3.682241e+01	-5.359594e+01	3.823809e+01	-1.771571e+01	-4.858196e-02	-3.191023e-03	1.123543e-03	-1.712698e-03
12	5.756622e-01	7.812500e-04	7.812500e-04		-2.094699e+02	2.495360e-07	-2.094706e+01	-2.094200e+01	-1.728416e+02	-2.094708e+02	4.854521e-02	8.991145e-10	1.014249e-01	3.964551e-01	2.776155e-01	9.595934e-02	1.285452e-01	2.189000e+08	4.310000e+13	8.077600e+03	1.243800e+04	-3.662828e+01	-5.340808e+01	3.825458e+01	-1.773017e+01	-4.854496e-02	-3.131573e-03	1.103206e-03	-1.714414e-03
13	5.665133e-01	7.812500e-04	7.812500e-04		-2.095378e+02	2.479964e-07	-2.095385e+01	-2.094882e+01	-1.731020e+02	-2.095387e+02	4.850803e-02	8.991140e-10	1.018665e-01	3.960764e-01	2.775901e-01	9.595903e-02	1.285080e-01	2.189000e+08	4.310000e+13	8.077600e+03	1.243800e+04	-3.643578e+01	-5.322037e+01	3.827062e+01	-1.774455e+01	-4.850778e-02	-3.072455e-03	1.082877e-03	-1.716101e-03
14	5.568761e-01	7.812500e-04	7.812500e-04		-2.096028e+02	2.464603e-07	-2.096035e+01	-2.095535e+01	-1.733579e+02	-2.096037e+02	4.847067e-02	8.991133e-10	1.023086e-01	3.956984e-01	2.775639e-01	9.595841e-02	1.284707e-01	2.189000e+08	4.310000e+13	8.077600e+03	1.243800e+04	-3.624490e+01	-5.303283e+01	3.828620e+01	-1.775886e+01	-4.847043e-02	-3.013669e-03	1.062556e-03	-1.717759e-03
15	5.467050e-01	7.812500e-04	7.812500e-04		-2.096649e+02	2.449197e-07	-2.096656e+01	-2.096160e+01	-1.736093e+02	-2.096658e+02	4.843314e-02	8.991121e-10	1.027513e-01	3.953210e-01	2.775370e-01	9.595748e-02	1.284331e-01	2.189000e+08	4.310000e+13	8.077600e+03	1.243800e+04	-3.605567e+01	-5.284546e+01	3.830133e+01	-1.777310e+01	-4.843290e-02	-2.955216e-03	1.042243e-03	-1.719388e-03
16	5.359539e-01	7.812500e-04	7.812500e-04		-2.097242e+02	2.433733e-07	-2.097249e+01	-2.096755e+01	-1.738561e+02	-2.097250e+02	4.839545e-02	8.991119e-10	1.031945e-01	3.949444e-01	2.775094e-01	9.595622e-02	1.283954e-01	2.189000e+08	4.310000e+13	8.077600e+03	1.243800e+04	-3.586808e+01	-5.265827e+01	3.831600e+01	-1.778729e+01	-4.839521e-02	-2.897097e-03	1.021941e-03	-1.720989e-03
17	5.245733e-01	7.812500e-04	7.812500e-04		-2.097805e+02	2.418207e-07	-2.097812e+01	-2.097321e+01	-1.740984e+02	-2.097814e+02	4.835759e-02	8.991113e-10	1.036383e-01	3.945685e-01	2.774810e-01	9.595464e-02	1.283576e-01	2.189000e+08	4.310000e+13	8.077600e+03	1.243800e+04	-3.568215e+01	-5.247126e+01	3.833023e+01	-1.780141e+01	-4.835735e-02	-2.839314e-03	1.001650e-03	-1.722561e-03
18	5.123128e-01	7.812500e-04	7.812500e-04		-2.098340e+02	2.402604e-07	-2.098347e+01	-2.097859e+01	-1.743361e+02	-2.098348e+02	4.831959e-02	8.991106e-10	1.040825e-01	3.941933e-01	2.774519e-01	9.595274e-02	1.283196e-01	2.189000e+08	4.310000e+13	8.077600e+03	1.243800e+04	-3.549789e+01	-5.228446e+01	3.834400e+01	-1.781547e+01	-4.831935e-02	-2.781867e-03	9.813712e-04	-1.724104e-03
19	4.996927e-01	7.812500e-04	7.812500e-04		-2.098846e+02	2.388906e-07	-2.098852e+01	-2.098368e+01	-1.745692e+02	-2.098854e+02	4.828144e-02	1.099109e-09	1.045272e-01	3.938188e-01	2.774220e-01	9.595052e-02	1.282814e-01	2.189000e+08	4.310000e+13	8.077600e+03	1.243800e+04	-3.531532e+01	-5.209786e+01	3.835733e+01	-1.782948e+01	-4.828120e-02	-2.724757e-03	9.611064e-04	-1.725618e-03
20	4.862806e-01	7.812500e-04	7.812500e-04		-2.099323e+02	2.373093e-07	-2.099329e+01	-2.098848e+01	-1.747978e+02	-2.099332e+02	4.824316e-02	1.099108e-09	1.049724e-01	3.934451e-01	2.773914e-01	9.594797e-02	1.282432e-01	2.189000e+08	4.310000e+13	8.077600e+03	1.243800e+04	-3.513446e+01	-5.191147e+01	3.837021e+01	-1.784344e+01	-4.824292e-02	-2.667988e-03	9.408571e-04	-1.727105e-03
21	4.715345e-01	7.812500e-04	7.812500e-04		-2.099772e+02	2.355128e-07	-2.099779e+01	-2.099301e+01	-1.750218e+02	-2.099780e+02	4.820476e-02	8.991087e-10	1.054180e-01	3.930721e-01	2.773600e-01	9.594509e-02	1.282048e-01	2.189000e+08	4.310000e+13	8.077600e+03	1.243800e+04	-3.495534e+01	-5.172532e+01	3.838264e+01	-1.785735e+01	-4.820452e-02	-2.611561e-03	9.206249e-04	-1.728563e-03
22	4.560235e-01	7.812500e-04	7.812500e-04		-2.100192e+02	2.338981e-07	-2.100199e+01	-2.099724e+01	-1.752412e+02	-2.100201e+02	4.816624e-02	8.991079e-10	1.058640e-01	3.926999e-01	2.773279e-01	9.594188e-02	1.281662e-01	2.189000e+08	4.310000e+13	8.077600e+03	1.243800e+04	-3.477798e+01	-5.153941e+01	3.839464e+01	-1.787123e+01	-4.816601e-02	-2.555478e-03	9.004118e-04	-1.729993e-03
23	4.394335e-01	7.812500e-04	7.812500e-04		-2.100584e+02	2.322601e-07	-2.100591e+01	-2.100119e+01	-1.754559e+02	-2.100592e+02	4.812763e-02	8.991074e-10	1.063105e-01	3.923285e-01	2.772951e-01	9.593832e-02	1.281276e-01	2.189000e+08	4.310000e+13	8.077600e+03	1.243800e+04	-3.460243e+01	-5.135376e+01	3.840619e+01	-1.788507e+01	-4.812740e-02	-2.499743e-03	8.802201e-04	-1.731395e-03
24	4.216540e-01	7.812500e-04	7.812500e-04		-2.100947e+02	2.305910e-07	-2.100954e+01	-2.100486e+01	-1.756660e+02	-2.100956e+02	4.808894e-02	8.991073e-10	1.067572e-01	3.919579e-01	2.772615e-01	9.593443e-02	1.280889e-01	2.189000e+08	4.310000e+13	8.077600e+03	1.243800e+04	-3.442873e+01	-5.116840e+01	3.841730e+01	-1.789890e+01	-4.808871e-02	-2.444361e-03	8.600524e-04	-1.732770e-03
25	4.025668e-01	7.812500e-04	7.812500e-04		-2.101283e+02	2.288817e-07	-2.101289e+01	-2.100825e+01	-1.758713e+02	-2.101291e+02	4.805019e-02	8.991058e-10	1.072043e-01	3.915882e-01	2.772271e-01	9.593017e-02	1.280502e-01	2.189000e+08	4.310000e+13	8.077600e+03	1.243800e+04	-3.425696e+01	-5.098335e+01	3.842797e+01	-1.791271e+01	-4.804996e-02	-2.389336e-03	8.399121e-04	-1.734117e-03
26	3.820411e-01	7.812500e-04	7.812500e-04		-2.101590e+02	2.271179e-07	-2.101596e+01	-2.101135e+01	-1.760718e+02	-2.101598e+02	4.801142e-02	8.991060e-10	1.076515e-01	3.912194e-01	2.771921e-01	9.592556e-02	1.280114e-01	2.189000e+08	4.310000e+13	8.077600e+03	1.243800e+04	-3.408720e+01	-5.079865e+01	3.843822e+01	-1.792653e+01	-4.801119e-02	-2.334677e-03	8.198034e-04	-1.735436e-03
27	3.595868e-01	7.812500e-04	7.812500e-04		-2.101869e+02	2.252798e-07	-2.101876e+01	-2.101418e+01	-1.762673e+02	-2.101877e+02	4.797265e-02	8.991050e-10	1.080989e-01	3.908516e-01	2.771562e-01	9.592056e-02	1.279726e-01	2.189000e+08	4.310000e+13	8.077600e+03	1.243800e+04	-3.391955e+01	-5.061434e+01	3.844803e+01	-1.794037e+01	-4.797242e-02	-2.280394e-03	7.997315e-04	-1.736729e-03
28	3.365329e-01	7.812500e-04	7.812500e-04		-2.102120e+02	2.235362e-07	-2.102126e+01	-2.101673e+01	-1.764578e+02	-2.102128e+02	4.793392e-02	1.099103e-09	1.085464e-01	3.904849e-01	2.771196e-01	9.591516e-02	1.279339e-01	2.189000e+08	4.310000e+13	8.077600e+03	1.243800e+04	-3.375416e+01	-5.043048e+01	3.845742e+01	-1.795425e+01	-4.793370e-02	-2.226500e-03	7.797036e-04	-1.737994e-03
29	3.105438e-01	7.812500e-04	7.812500e-04		-2.102343e+02	2.212397e-07	-2.102350e+01	-2.101901e+01	-1.766431e+02	-2.102352e+02	4.789531e-02	8.991040e-10	1.089937e-01	3.901194e-01	2.770822e-01	9.590935e-02	1.278953e-01	2.189000e+08	4.310000e+13	8.077600e+03	1.243800e+04	-3.359124e+01	-5.024715e+01	3.846638e+01	-1.796821e+01	-4.789509e-02	-2.173016e-03	7.597295e-04	-1.739233e-03
30	2.831376e-01	7.812500e-04	7.812500e-04		-2.102539e+02	2.189121e-07	-2.102546e+01	-2.102101e+01	-1.768228e+02	-2.102547e+02	4.785689e-02	8.991038e-10	1.094406e-01	3.897554e-01	2.770441e-01	9.590308e-02	1.278569e-01	2.189000e+08	4.310000e+13	8.077600e+03	1.243800e+04	-3.343107e+01	-5.006449e+01	3.847493e+01	-1.798227e+01	-4.785667e-02	-2.119973e-03	7.398236e-04	-1.740446e-03
31	2.541645e-01	7.812500e-04	7.812500e-04		-2.102707e+02	2.162177e-07	-2.102714e+01	-2.102274e+01	-1.769966e+02	-2.102715e+02	4.781878e-02	8.991029e-10	1.098867e-01	3.893931e-01	2.770051e-01	9.589630e-02	1.278188e-01	2.189000e+08	4.310000e+13	8.077600e+03	1.243800e+04	-3.327409e+01	-4.988269e+01	3.848307e+01	-1.799650e+01	-4.781857e-02	-2.067420e-03	7.200077e-04	-1.741633e-03
32	2.245293e-01	7.812500e-04	7.812500e-04		-2.102848e+02	2.129072e-07	-2.102854e+01	-2.102422e+01	-1.771638e+02	-2.102856e+02	4.778118e-02	8.991031e-10	1.103314e-01	3.890331e-01	2.769653e-01	9.588895e-02	1.277812e-01	2.189000e+08	4.310000e+13	8.077600e+03	1.243800e+04	-3.312095e+01	-4.970205e+01	3.849080e+01	-1.801098e+01	-4.778096e-02	-2.015436e-03	7.003174e-04	-1.742795e-03
33	1.970464e-01	7.812500e-04	7.812500e-04		-2.102962e+02	2.084792e-07	-2.102968e+01	-2.102545e+01	-1.773234e+02	-2.102970e+02	4.774438e-02	8.991025e-10	1.107734e-01	3.886765e-01	2.769247e-01	9.588091e-02	1.277444e-01	2.189000e+08	4.310000e+13	8.077600e+03	1.243800e+04	-3.297276e+01	-4.952316e+01	3.849815e+01	-1.802583e+01	-4.774417e-02	-1.964168e-03	6.808162e-04	-1.743930e-03
34	1.807824e-01	7.812500e-04	7.812500e-04		-2.103049e+02	2.018153e-07	-2.103056e+01	-2.102645e+01	-1.774733e+02	-2.103057e+02	4.770895e-02	8.991022e-10	1.112104e-01	3.883253e-01	2.768833e-01	9.587201e-02	1.277090e-01	2.189000e+08	4.310000e+13	8.077600e+03	1.243800e+04	-3.283155e+01	-4.934712e+01	3.850513e+01	-1.804124e+01	-4.770875e-02	-1.913911e-03	6.616288e-04	-1.745039e-03
35	2.084305e-01	7.812500e-04	7.812500e-04		-2.103111e+02	1.900780e-07	-2.103117e+01	-2.102731e+01	-1.776096e+02	-2.103119e+02	4.767603e-02	8.991018e-10	1.116365e-01	3.879843e-01	2.768412e-01	9.586194e-02	1.276760e-01	2.189000e+08	4.310000e+13	8.077600e+03	1.243800e+04	-3.270144e+01	-4.917650e+01	3.851174e+01	-1.805753e+01	-4.767584e-02	-1.865342e-03	6.430377e-04	-1.746117e-03
36	4.009123e-01	7.812500e-04	7.812500e-04		-2.103149e+02	1.650627e-07	-2.103155e+01	-2.102819e+01	-1.777227e+02	-2.103157e+02	4.764828e-02	8.991011e-10	1.120358e-01	3.876666e-01	2.767992e-01	9.585016e-02	1.276483e-01	2.189000e+08	4.310000e+13	8.077600e+03	1.243800e+04	-3.259223e+01	-4.901824e+01	3.851797e+01	-1.807521e+01	-4.764811e-02	-1.820329e-03	6.258082e-04	-1.747145e-03
37	9.113167e-01	7.812500e-04	1.562500e-03		-2.103170e+02	1.044192e-07	-2.103174e+01	-2.102961e+01	-1.777869e+02	-2.103176e+02	4.763278e-02	1.099100e-09	1.123556e-01	3.874150e-01	2.767606e-01	9.583605e-02	1.276328e-01	2.189000e+08	4.310000e+13	8.077600e+03	1.243800e+04	-3.253007e+01	-4.889446e+01	3.852352e+01	-1.809464e+01	-4.763268e-02	-1.784898e-03	6.123667e-04	-1.748038e-03
38	6.488217e-01	1.562500e-03	1.562500e-03		-2.103186e+02	1.056170e-08	-2.103185e+01	-2.103165e+01	-1.777541e+02	-2.103187e+02	4.764287e-02	8.991014e-10	1.124619e-01	3.873365e-01	2.767376e-01	9.582116e-02	1.276429e-01	2.189000e+08	4.310000e+13	8.077600e+03	1.243800e+04	-3.256451e+01	-4.885963e+01	3.852709e+01	-1.811303e+01	-4.764285e-02	-1.774075e-03	6.086468e-04	-1.748523e-03
39	-6.073374e+00	1.562500e-03	7.812500e-04		-2.103218e+02	1.030202e-08	-2.103215e+01	-2.103198e+01	-1.776487e+02	-2.103217e+02	4.767352e-02	8.991006e-10	1.125722e-01	3.872614e-01	2.767005e-01	9.579240e-02	1.276735e-01	2.189000e+08	4.310000e+13	8.077600e+03	1.243800e+04	-3.267314e+01	-4.883172e+01	3.853301e+01	-1.814774e+01	-4.767351e-02	-1.764051e-03	6.057543e-04	-1.749275e-03
40	-3.283402e+00	7.812500e-04	3.906250e-04				-2.103244e+01		-1.773744e+02	-2.103246e+02	4.774825e-02	8.991033e-10	1.121763e-01	3.875904e-01	2.767119e-01	9.577318e-02	1.277483e-01												
41	-5.435308e-01	3.906250e-04	1.953125e-04				-2.103234e+01		-1.774927e+02	-2.103236e+02	4.771584e-02	8.991034e-10	1.123020e-01	3.874831e-01	2.767140e-01	9.578504e-02	1.277158e-01												
42	4.479104e-01	1.953125e-04	1.953125e-04				-2.103226e+01		-1.775678e+02	-2.103228e+02	4.769550e-02	8.991039e-10	1.124283e-01	3.873793e-01	2.767080e-01	9.578885e-02	1.276955e-01												
43	6.511196e-01	1.953125e-04	1.953125e-04		-2.103224e+02	7.556567e-09	-2.103222e+01	-2.103209e+01	-1.776045e+02	-2.103224e+02	4.768553e-02	8.991040e-10	1.124929e-01	3.873264e-01	2.767047e-01	9.579051e-02	1.276855e-01	2.189000e+08	4.310000e+13	8.077600e+03	1.243800e+04	-3.271786e+01	-4.886572e+01	3.853263e+01	-1.814928e+01	-4.768552e-02	-1.773256e-03	6.094677e-04	-1.749157e-03
44	8.291939e-01	1.953125e-04	1.953125e-04		-2.103228e+02	4.076779e-09	-2.103227e+01	-2.103220e+01	-1.775662e+02	-2.103228e+02	4.769598e-02	8.991035e-10	1.124374e-01	3.873725e-01	2.767063e-01	9.578783e-02	1.276960e-01	2.189000e+08	4.310000e+13	8.077600e+03	1.243800e+04	-3.275661e+01	-4.889038e+01	3.853259e+01	-1.815196e+01	-4.769597e-02	-1.779828e-03	6.121664e-04	-1.749100e-03
45	9.907438e-01	1.953125e-04	3.906250e-04		-2.103233e+02	1.874900e-09	-2.103231e+01	-2.103229e+01	-1.775345e+02	-2.103233e+02	4.770470e-02	8.991038e-10	1.124041e-01	3.874010e-01	2.767056e-01	9.578458e-02	1.277047e-01	2.189000e+08	4.310000e+13	8.077600e+03	1.243800e+04	-3.278875e+01	-4.890614e+01	3.853284e+01	-1.815548e+01	-4.770470e-02	-1.783903e-03	6.138980e-04	-1.749096e-03
46	1.201280e+00	3.906250e-04	7.812500e-04		-2.103237e+02	9.882485e-10	-2.103235e+01	-2.103235e+01	-1.775076e+02	-2.103237e+02	4.771217e-02	8.991040e-10	1.123858e-01	3.874175e-01	2.767035e-01	9.578103e-02	1.277122e-01	2.189000e+08	4.310000e+13	8.077600e+03	1.243800e+04	-3.281610e+01	-4.891594e+01	3.853328e+01	-1.815949e+01	-4.771217e-02	-1.786313e-03	6.149818e-04	-1.749126e-03
47	7.541470e-01	7.812500e-04	7.812500e-04		-2.103245e+02	2.910827e-10	-2.103243e+01	-2.103244e+01	-1.774686e+02	-2.103245e+02	4.772314e-02	8.991043e-10	1.123823e-01	3.874237e-01	2.766968e-01	9.577402e-02	1.277231e-01	2.189000e+08	4.310000e+13	8.077600e+03	1.243800e+04	-3.285586e+01	-4.892171e+01	3.853444e+01	-1.816770e+01	-4.772314e-02	-1.787324e-03	6.156421e-04	-1.749250e-03
48	4.770204e-01	7.812500e-04	7.812500e-04		-2.103258e+02	2.512816e-09	-2.103256e+01	-2.103253e+01	-1.774153e+02	-2.103258e+02	4.773850e-02	8.991042e-10	1.124380e-01	3.873857e-01	2.766782e-01	9.575959e-02	1.277385e-01	2.189000e+08	4.310000e+13	8.077600e+03	1.243800e+04	-3.291051e+01	-4.890752e+01	3.853742e+01	-1.818517e+01	-4.773850e-02	-1.782232e-03	6.141673e-04	-1.749629e-03
49	6.550262e-01	7.812500e-04	7.812500e-04		-2.103272e+02	5.576897e-09	-2.103268e+01	-2.103260e+01	-1.773169e+02	-2.103270e+02	4.776565e-02	8.991047e-10	1.123678e-01	3.874486e-01	2.766710e-01	9.574696e-02	1.277657e-01	2.189000e+08	4.310000e+13	8.077600e+03	1.243800e+04	-3.301026e+01	-4.894443e+01	3.853893e+01	-1.819942e+01	-4.776565e-02	-1.791346e-03	6.182353e-04	-1.749727e-03
50	-9.999317e-01	7.812500e-04	3.906250e-04		-2.103282e+02	4.394246e-09	-2.103280e+01	-2.103274e+01	-1.772691e+02	-2.103282e+02	4.777945e-02	8.991056e-10	1.124387e-01	3.873984e-01	2.766511e-01	9.573240e-02	1.277794e-01	2.189000e+08	4.310000e+13	8.077600e+03	1.243800e+04	-3.305912e+01	-4.892401e+01	3.854206e+01	-1.821720e+01	-4.777944e-02	-1.784531e-03	6.160846e-04	-1.750138e-03
51	-7.452231e-01	3.906250e-04	1.953125e-04				-2.103290e+01		-1.771513e+02	-2.103292e+02	4.781151e-02	8.991063e-10	1.123097e-01	3.875082e-01	2.766497e-01	9.572099e-02	1.278115e-01												
52	2.279198e-01	1.953125e-04	1.953125e-04				-2.103286e+01		-1.771979e+02	-2.103288e+02	4.779869e-02	8.991064e-10	1.123355e-01	3.874841e-01	2.766542e-01	9.572751e-02	1.277987e-01												
53	9.440819e-01	1.953125e-04	3.906250e-04		-2.103286e+02	4.885427e-09	-2.103284e+01	-2.103276e+01	-1.772288e+02	-2.103286e+02	4.779031e-02	8.991067e-10	1.123769e-01	3.874495e-01	2.766534e-01	9.572991e-02	1.277903e-01	2.189000e+08	4.310000e+13	8.077600e+03	1.243800e+04	-3.309971e+01	-4.895115e+01	3.854192e+01	-1.821959e+01	-4.779031e-02	-1.791783e-03	6.190395e-04	-1.750063e-03
54	1.265184e+00	3.906250e-04	7.812500e-04		-2.103289e+02	1.263636e-09	-2.103287e+01	-2.103286e+01	-1.771999e+02	-2.103288e+02	4.779823e-02	8.991070e-10	1.123531e-01	3.874704e-01	2.766518e-01	9.572648e-02	1.277982e-01	2.189000e+08	4.310000e+13	8.077600e+03	1.243800e+04	-3.312895e+01	-4.896315e+01	3.854228e+01	-1.822342e+01	-4.779823e-02	-1.794799e-03	6.203564e-04	-1.750080e-03
55	-1.119917e-01	7.812500e-04	3.906250e-04		-2.103294e+02	2.681276e-10	-2.103292e+01	-2.103293e+01	-1.771646e+02	-2.103293e+02	4.780811e-02	8.991069e-10	1.123608e-01	3.874677e-01	2.766441e-01	9.571934e-02	1.278081e-01	2.189000e+08	4.310000e+13	8.077600e+03	1.243800e+04	-3.316476e+01	-4.896434e+01	3.854357e+01	-1.823191e+01	-4.780811e-02	-1.794535e-03	6.205165e-04	-1.750229e-03
56	1.410777e+00	3.906250e-04	7.812500e-04				-2.103300e+01		-1.771178e+02	-2.103302e+02	4.782155e-02	8.991067e-10	1.124350e-01	3.874147e-01	2.766239e-01	9.570478e-02	1.278216e-01												
57	-8.898792e-01	7.812500e-04	3.906250e-04		-2.103299e+02	3.654835e-10	-2.103297e+01	-2.103298e+01	-1.771238e+02	-2.103298e+02	4.781941e-02	8.991069e-10	1.123534e-01	3.874770e-01	2.766378e-01	9.571241e-02	1.278194e-01	2.189000e+08	4.310000e+13	8.077600e+03	1.243800e+04	-3.320606e+01	-4.897169e+01	3.854467e+01	-1.824001e+01	-4.781941e-02	-1.795980e-03	6.213425e-04	-1.750343e-03
58	1.478024e+00	3.906250e-04	7.812500e-04				-2.103305e+01		-1.770825e+02	-2.103306e+02	4.783137e-02	8.991071e-10	1.124420e-01	3.874125e-01	2.766164e-01	9.569774e-02	1.278314e-01												
59	-1.137036e+00	7.812500e-04	3.906250e-04		-2.103303e+02	2.650580e-10	-2.103301e+01	-2.103303e+01	-1.770853e+02	-2.103303e+02	4.783010e-02	8.991074e-10	1.123525e-01	3.874811e-01	2.766309e-01	9.570540e-02	1.278301e-01	2.189000e+08	4.310000e+13	8.077600e+03	1.243800e+04	-3.324505e+01	-4.897639e+01	3.854586e+01	-1.824828e+01	-4.783010e-02	-1.796689e-03	6.218812e-04	-1.750472e-03
60	1.540600e+00	3.906250e-04	7.812500e-04				-2.103309e+01		-1.770438e+02	-2.103310e+02	4.784208e-02	8.991071e-10	1.124409e-01	3.874168e-01	2.766095e-01	9.569073e-02	1.278421e-01												
61	-1.948929e+00	7.812500e-04	3.906250e-04		-2.103307e+02	3.093721e-10	-2.103305e+01	-2.103307e+01	-1.770454e+02	-2.103307e+02	4.784112e-02	8.991076e-10	1.123480e-01	3.874881e-01	2.766243e-01	9.569843e-02	1.278411e-01	2.189000e+08	4.310000e+13	8.077600e+03	1.243800e+04	-3.328533e+01	-4.898254e+01	3.854700e+01	-1.825646e+01	-4.784112e-02	-1.797798e-03	6.225756e-04	-1.750593e-03
62	1.722915e+00	3.906250e-04	7.812500e-04				-2.103312e+01		-1.770074e+02	-2.103314e+02	4.785218e-02	8.991074e-10	1.124453e-01	3.874167e-01	2.766022e-01	9.568370e-02	1.278522e-01												
63	-2.375567e+00	7.812500e-04	3.906250e-04		-2.103311e+02	4.774786e-10	-2.103309e+01	-2.103311e+01	-1.770064e+02	-2.103311e+02	4.785192e-02	1.099106e-09	1.123459e-01	3.874932e-01	2.766175e-01	9.569144e-02	1.278519e-01	2.189000e+08	4.310000e+13	8.077600e+03	1.243800e+04	-3.332477e+01	-4.898772e+01	3.854817e+01	-1.826471e+01	-4.785192e-02	-1.798638e-03	6.231651e-04	-1.750719e-03
64	1.694913e+00	3.906250e-04	7.812500e-04				-2.103316e+01		-1.769697e+02	-2.103318e+02	4.786261e-02	8.991074e-10	1.124466e-01	3.874190e-01	2.765951e-01	9.567669e-02	1.278626e-01												
65	-3.596111e+00	7.812500e-04	3.906250e-04		-2.103315e+02	5.028368e-10	-2.103313e+01	-2.103314e+01	-1.769666e+02	-2.103315e+02	4.786289e-02	1.099106e-09	1.123419e-01	3.874999e-01	2.766109e-01	9.568447e-02	1.278629e-01	2.189000e+08	4.310000e+13	8.077600e+03	1.243800e+04	-3.336491e+01	-4.899367e+01	3.854931e+01	-1.827290e+01	-4.786289e-02	-1.799693e-03	6.238377e-04	-1.750840e-03
66	1.669804e+00	3.906250e-04	7.812500e-04				-2.103319e+01		-1.769334e+02	-2.103321e+02	4.787263e-02	8.991082e-10	1.124516e-01	3.874183e-01	2.765878e-01	9.566967e-02	1.278726e-01												
67	-5.505596e+00	7.812500e-04	3.906250e-04		-2.103319e+02	2.786768e-10	-2.103316e+01	-2.103318e+01	-1.769275e+02	-2.103318e+02	4.787368e-02	8.991091e-10	1.123398e-01	3.875050e-01	2.766041e-01	9.567748e-02	1.278737e-01	2.189000e+08	4.310000e+13	8.077600e+03	1.243800e+04	-3.340440e+01	-4.899887e+01	3.855047e+01	-1.828114e+01	-4.787368e-02	-1.800537e-03	6.244276e-04	-1.750966e-03
68	1.967039e+00	3.906250e-04	7.812500e-04				-2.103322e+01		-1.768961e+02	-2.103323e+02	4.788292e-02	8.991081e-10	1.124542e-01	3.874196e-01	2.765806e-01	9.566266e-02	1.278829e-01												
69	-8.375213e+00	7.812500e-04	3.906250e-04		-2.103322e+02	3.085812e-10	-2.103319e+01	-2.103321e+01	-1.768875e+02	-2.103321e+02	4.788468e-02	8.991090e-10	1.123354e-01	3.875119e-01	2.765975e-01	9.567052e-02	1.278847e-01	2.189000e+08	4.310000e+13	8.077600e+03	1.243800e+04	-3.344469e+01	-4.900496e+01	3.855161e+01	-1.828932e+01	-4.788468e-02	-1.801626e-03	6.251129e-04	-1.751087e-03
70	2.203266e+00	3.906250e-04	7.812500e-04				-2.103324e+01		-1.768607e+02	-2.103326e+02	4.789267e-02	8.991091e-10	1.124615e-01	3.874172e-01	2.765731e-01	9.565565e-02	1.278927e-01												
71	-1.169890e+01	7.812500e-04	3.906250e-04		-2.103324e+02	2.698005e-10	-2.103322e+01	-2.103324e+01	-1.768486e+02	-2.103324e+02	4.789538e-02	8.991096e-10	1.123342e-01	3.875162e-01	2.765906e-01	9.566353e-02	1.278954e-01	2.189000e+08	4.310000e+13	8.077600e+03	1.243800e+04	-3.348386e+01	-4.900976e+01	3.855278e+01	-1.829759e+01	-4.789538e-02	-1.802361e-03	6.256599e-04	-1.751214e-03
72	2.564562e+00	3.906250e-04	7.812500e-04				-2.103326e+01		-1.768232e+02	-2.103328e+02	4.790299e-02	8.991091e-10	1.124637e-01	3.874187e-01	2.765659e-01	9.564864e-02	1.279030e-01												
73	-1.928914e+01	7.812500e-04	3.906250e-04		-2.103327e+02	3.518368e-10	-2.103325e+01	-2.103326e+01	-1.768077e+02	-2.103326e+02	4.790658e-02	8.991092e-10	1.123276e-01	3.875250e-01	2.765843e-01	9.565661e-02	1.279066e-01	2.189000e+08	4.310000e+13	8.077600e+03	1.243800e+04	-3.352502e+01	-4.901680e+01	3.855389e+01	-1.830571e+01	-4.790658e-02	-1.803712e-03	6.264461e-04	-1.751329e-03
74	3.045819e+00	3.906250e-04	7.812500e-04				-2.103328e+01		-1.767907e+02	-2.103330e+02	4.791196e-02	8.991092e-10	1.124775e-01	3.874109e-01	2.765579e-01	9.564165e-02	1.279120e-01												
75	-2.743703e+01	7.812500e-04	3.906250e-04		-2.103329e+02	2.540443e-10	-2.103327e+01	-2.103328e+01	-1.767709e+02	-2.103329e+02	4.791669e-02	8.991097e-10	1.123325e-01	3.875244e-01	2.765769e-01	9.564954e-02	1.279167e-01	2.189000e+08	4.310000e+13	8.077600e+03	1.243800e+04	-3.356198e+01	-4.901910e+01	3.855513e+01	-1.831413e+01	-4.791669e-02	-1.803752e-03	6.267219e-04	-1.751471e-03
76	-5.604385e-01	3.906250e-04	1.953125e-04				-2.103330e+01		-1.767479e+02	-2.103331e+02	4.792363e-02	8.991099e-10	1.124681e-01	3.874219e-01	2.765517e-01	9.563463e-02	1.279236e-01												
77	-2.000000e+00	1.953125e-04	9.765625e-05	model merit increases			-2.103329e+01		-1.767223e+02	-2.103330e+02	4.792985e-02	8.991108e-10	1.123042e-01	3.875505e-01	2.765725e-01	9.564297e-02	1.279299e-01												
78	-2.000000e+00	9.765625e-05	4.882813e-05	model merit increases			-2.103328e+01		-1.767326e+02	-2.103330e+02	4.792690e-02	8.991104e-10	1.122795e-01	3.875686e-01	2.765782e-01	9.564680e-02	1.279269e-01												
79	-2.000000e+00	4.882813e-05	2.441406e-05	model merit increases			-2.103328e+01		-1.767450e+02	-2.103330e+02	4.792358e-02	8.991109e-10	1.122932e-01	3.875569e-01	2.765783e-01	9.564795e-02	1.279236e-01												
80		2.441406e-05					-2.103328e+01		-1.767500e+02	-2.103329e+02	4.792225e-02	8.991101e-10	1.123001e-01	3.875512e-01	2.765781e-01	9.564831e-02	1.279223e-01												
