RTO_iter	rho	tr	tr_adjusted	event	base_cost	base_con	merit	base_merit	cost_unmodified	cost	con_unmodified	con	XFr_A	XFr_B	XFr_E	XFr_P	XFr_G	Ka1	Ka2	Kb1	Kb2	cost_eps	Fa_cost_lam	Fb_cost_lam	Tr_cost_lam	con_eps	Fa_con_lam	Fb_con_lam	Tr_con_lam
0																		2.189000e+08	4.310000e+13	8.077600e+03	1.243800e+04	0.000000e+00	0.000000e+00	0.000000e+00	0.000000e+00	0.000000e+00	0.000000e+00	0.000000e+00	0.000000e+00
1	9.868471e-01	1.000000e-01	2.000000e-01		-7.752530e+01	-3.276256e-02	1.113673e+02	-7.752530e+00	-1.992171e+02	-1.992171e+02	2.625780e-03	2.625780e-03	1.113367e-01	4.560977e-01	2.516545e-01	9.828534e-02	8.262578e-02	2.189000e+08	4.310000e+13	8.077600e+03	1.243800e+04	1.216918e+02	-3.722328e+01	4.812623e+01	-1.797171e+01	-3.538834e-02	-3.752642e-03	1.690099e-03	-1.715440e-03
2	-1.385428e+02	2.000000e-01	1.000000e-01		-2.093185e+02	-3.070750e-06	-2.110751e+01	-2.093185e+01	-1.723140e+02	-2.110756e+02	4.861449e-02	1.097067e-09	1.005438e-01	3.972200e-01	2.776621e-01	9.595957e-02	1.286145e-01	2.189000e+08	4.310000e+13	8.077600e+03	1.243800e+04	-3.700453e+01	-5.378315e+01	3.822244e+01	-1.770116e+01	-4.861756e-02	-3.250968e-03	1.143993e-03	-1.710960e-03
3	-1.385428e+02	1.000000e-01	5.000000e-02				-2.164639e+01		-1.714034e+02	-2.164643e+02	4.815589e-02	6.309939e-10	1.435387e-01	3.614499e-01	2.730494e-01	9.380607e-02	1.281559e-01												
4	-9.228583e+01	5.000000e-02	2.500000e-02				-2.164639e+01		-1.714034e+02	-2.164643e+02	4.815589e-02	6.309938e-10	1.435387e-01	3.614499e-01	2.730494e-01	9.380607e-02	1.281559e-01												
5	-4.940847e+01	2.500000e-02	1.250000e-02				-2.137736e+01		-1.779991e+02	-2.137740e+02	4.758184e-02	8.975391e-10	1.274997e-01	3.745093e-01	2.752910e-01	9.511820e-02	1.275818e-01												
6	-2.506762e+01	1.250000e-02	6.250000e-03				-2.116442e+01		-1.778083e+02	-2.116446e+02	4.780410e-02	8.976844e-10	1.144243e-01	3.853900e-01	2.766553e-01	9.572629e-02	1.278041e-01												
7	-1.216315e+01	6.250000e-03	3.125000e-03				-2.105023e+01		-1.758184e+02	-2.105028e+02	4.812591e-02	8.976049e-10	1.075357e-01	3.912175e-01	2.772197e-01	9.590119e-02	1.281259e-01												
8	-5.556401e+00	3.125000e-03	1.562500e-03				-2.099174e+01		-1.742636e+02	-2.099178e+02	4.834959e-02	8.977630e-10	1.040431e-01	3.942020e-01	2.774590e-01	9.594632e-02	1.283496e-01												
9	-2.225283e+00	1.562500e-03	7.812500e-04				-2.096219e+01		-1.733370e+02	-2.096224e+02	4.847829e-02	8.977832e-10	1.022931e-01	3.957056e-01	2.775660e-01	9.595692e-02	1.284783e-01												
10	-5.615193e-01	7.812500e-04	3.906250e-04				-2.094736e+01		-1.728360e+02	-2.094741e+02	4.854691e-02	8.977848e-10	1.014192e-01	3.964588e-01	2.776161e-01	9.595906e-02	1.285469e-01												
11	2.559625e-01	3.906250e-04	3.906250e-04				-2.093995e+01		-1.725767e+02	-2.093999e+02	4.858221e-02	8.977850e-10	1.009838e-01	3.968345e-01	2.776401e-01	9.595932e-02	1.285822e-01												
12	5.356754e-01	3.906250e-04	3.906250e-04		-2.093631e+02	6.642794e-08	-2.093628e+01	-2.093298e+01	-1.724462e+02	-2.093633e+02	4.859992e-02	8.977840e-10	1.007688e-01	3.970202e-01	2.776518e-01	9.595925e-02	1.285999e-01	2.189000e+08	4.310000e+13	8.077600e+03	1.243800e+04	-3.691687e+01	-5.368756e+01	3.823001e+01	-1.770854e+01	-4.859985e-02	-3.220162e-03	1.133477e-03	-1.711847e-03
13	5.298240e-01	3.906250e-04	3.906250e-04		-2.094004e+02	6.576959e-08	-2.094002e+01	-2.093675e+01	-1.725837e+02	-2.094006e+02	4.858102e-02	8.977876e-10	1.009944e-01	3.968257e-01	2.776395e-01	9.595940e-02	1.285810e-01	2.189000e+08	4.310000e+13	8.077600e+03	1.243800e+04	-3.681676e+01	-5.359130e+01	3.823863e+01	-1.771595e+01	-4.858095e-02	-3.189598e-03	1.123062e-03	-1.712736e-03
14	5.253639e-01	3.906250e-04	3.906250e-04		-2.094370e+02	6.556556e-08	-2.094368e+01	-2.094042e+01	-1.727199e+02	-2.094372e+02	4.856206e-02	8.977864e-10	1.012202e-01	3.966313e-01	2.776270e-01	9.595946e-02	1.285621e-01	2.189000e+08	4.310000e+13	8.077600e+03	1.243800e+04	-3.671707e+01	-5.349508e+01	3.824712e+01	-1.772333e+01	-4.856200e-02	-3.159121e-03	1.112648e-03	-1.713618e-03
15	5.207974e-01	3.906250e-04	3.906250e-04		-2.094728e+02	6.536179e-08	-2.094726e+01	-2.094401e+01	-1.728550e+02	-2.094731e+02	4.854306e-02	8.977853e-10	1.014461e-01	3.964372e-01	2.776143e-01	9.595944e-02	1.285431e-01	2.189000e+08	4.310000e+13	8.077600e+03	1.243800e+04	-3.661780e+01	-5.339890e+01	3.825549e+01	-1.773070e+01	-4.854300e-02	-3.128730e-03	1.102235e-03	-1.714492e-03
16	5.161202e-01	3.906250e-04	3.906250e-04		-2.095079e+02	6.515787e-08	-2.095077e+01	-2.094753e+01	-1.729889e+02	-2.095081e+02	4.852401e-02	8.977844e-10	1.016721e-01	3.962432e-01	2.776013e-01	9.595934e-02	1.285240e-01	2.189000e+08	4.310000e+13	8.077600e+03	1.243800e+04	-3.651896e+01	-5.330276e+01	3.826374e+01	-1.773804e+01	-4.852395e-02	-3.098427e-03	1.091825e-03	-1.715358e-03
17	5.113263e-01	3.906250e-04	3.906250e-04		-2.095422e+02	6.495367e-08	-2.095420e+01	-2.095097e+01	-1.731216e+02	-2.095424e+02	4.850492e-02	8.977837e-10	1.018983e-01	3.960494e-01	2.775882e-01	9.595915e-02	1.285049e-01	2.189000e+08	4.310000e+13	8.077600e+03	1.243800e+04	-3.642054e+01	-5.320666e+01	3.827188e+01	-1.774537e+01	-4.850485e-02	-3.068210e-03	1.081416e-03	-1.716217e-03
18	5.064136e-01	3.906250e-04	3.906250e-04		-2.095757e+02	6.474933e-08	-2.095755e+01	-2.095434e+01	-1.732532e+02	-2.095760e+02	4.848577e-02	8.977825e-10	1.021247e-01	3.958557e-01	2.775749e-01	9.595888e-02	1.284858e-01	2.189000e+08	4.310000e+13	8.077600e+03	1.243800e+04	-3.632255e+01	-5.311061e+01	3.827989e+01	-1.775268e+01	-4.848571e-02	-3.038080e-03	1.071009e-03	-1.717068e-03
19	5.013765e-01	3.906250e-04	3.906250e-04		-2.096085e+02	6.454467e-08	-2.096083e+01	-2.095762e+01	-1.733835e+02	-2.096087e+02	4.846658e-02	8.977819e-10	1.023511e-01	3.956623e-01	2.775615e-01	9.595853e-02	1.284666e-01	2.189000e+08	4.310000e+13	8.077600e+03	1.243800e+04	-3.622499e+01	-5.301460e+01	3.828779e+01	-1.775997e+01	-4.846652e-02	-3.008036e-03	1.060604e-03	-1.717912e-03
20	4.962110e-01	3.906250e-04	3.906250e-04		-2.096405e+02	6.433968e-08	-2.096403e+01	-2.096084e+01	-1.735127e+02	-2.096408e+02	4.844735e-02	8.977809e-10	1.025778e-01	3.954690e-01	2.775478e-01	9.595810e-02	1.284473e-01	2.189000e+08	4.310000e+13	8.077600e+03	1.243800e+04	-3.612785e+01	-5.291863e+01	3.829556e+01	-1.776725e+01	-4.844728e-02	-2.978080e-03	1.050202e-03	-1.718748e-03
21	4.909106e-01	3.906250e-04	3.906250e-04		-2.096718e+02	6.413428e-08	-2.096716e+01	-2.096397e+01	-1.736407e+02	-2.096720e+02	4.842807e-02	8.977803e-10	1.028045e-01	3.952759e-01	2.775339e-01	9.595758e-02	1.284281e-01	2.189000e+08	4.310000e+13	8.077600e+03	1.243800e+04	-3.603114e+01	-5.282271e+01	3.830322e+01	-1.777450e+01	-4.842800e-02	-2.948211e-03	1.039801e-03	-1.719576e-03
22	4.846370e-01	3.906250e-04	3.906250e-04		-2.097023e+02	6.392859e-08	-2.097021e+01	-2.096703e+01	-1.737674e+02	-2.097025e+02	4.840874e-02	8.977789e-10	1.030315e-01	3.950830e-01	2.775198e-01	9.595698e-02	1.284087e-01	2.189000e+08	4.310000e+13	8.077600e+03	1.243800e+04	-3.593486e+01	-5.272684e+01	3.831076e+01	-1.778174e+01	-4.840868e-02	-2.918430e-03	1.029404e-03	-1.720397e-03
23	4.807407e-01	3.906250e-04	3.906250e-04		-2.097321e+02	6.392247e-08	-2.097317e+01	-2.097001e+01	-1.738930e+02	-2.097323e+02	4.838938e-02	1.097776e-09	1.032585e-01	3.948903e-01	2.775055e-01	9.595630e-02	1.283894e-01	2.189000e+08	4.310000e+13	8.077600e+03	1.243800e+04	-3.583901e+01	-5.263101e+01	3.831818e+01	-1.778897e+01	-4.838931e-02	-2.888736e-03	1.019009e-03	-1.721211e-03
24	4.741534e-01	3.906250e-04	3.906250e-04		-2.097610e+02	6.351592e-08	-2.097608e+01	-2.097293e+01	-1.740175e+02	-2.097613e+02	4.836997e-02	8.977774e-10	1.034857e-01	3.946978e-01	2.774910e-01	9.595553e-02	1.283700e-01	2.189000e+08	4.310000e+13	8.077600e+03	1.243800e+04	-3.574359e+01	-5.253523e+01	3.832548e+01	-1.779617e+01	-4.836990e-02	-2.859129e-03	1.008617e-03	-1.722017e-03
25	4.682620e-01	3.906250e-04	3.906250e-04		-2.097893e+02	6.330891e-08	-2.097891e+01	-2.097576e+01	-1.741407e+02	-2.097895e+02	4.835052e-02	8.977768e-10	1.037130e-01	3.945054e-01	2.774764e-01	9.595468e-02	1.283505e-01	2.189000e+08	4.310000e+13	8.077600e+03	1.243800e+04	-3.564861e+01	-5.243950e+01	3.833267e+01	-1.780336e+01	-4.835045e-02	-2.829611e-03	9.982282e-04	-1.722815e-03
26	4.622093e-01	3.906250e-04	3.906250e-04		-2.098168e+02	6.310144e-08	-2.098165e+01	-2.097852e+01	-1.742627e+02	-2.098170e+02	4.833103e-02	8.977761e-10	1.039405e-01	3.943133e-01	2.774615e-01	9.595374e-02	1.283310e-01	2.189000e+08	4.310000e+13	8.077600e+03	1.243800e+04	-3.555406e+01	-5.234382e+01	3.833973e+01	-1.781054e+01	-4.833096e-02	-2.800180e-03	9.878424e-04	-1.723606e-03
27	4.559852e-01	3.906250e-04	3.906250e-04		-2.098435e+02	6.289323e-08	-2.098433e+01	-2.098121e+01	-1.743835e+02	-2.098437e+02	4.831150e-02	8.977751e-10	1.041681e-01	3.941213e-01	2.774464e-01	9.595272e-02	1.283115e-01	2.189000e+08	4.310000e+13	8.077600e+03	1.243800e+04	-3.545995e+01	-5.224820e+01	3.834668e+01	-1.781770e+01	-4.831143e-02	-2.770837e-03	9.774600e-04	-1.724389e-03
28	4.486118e-01	3.906250e-04	3.906250e-04		-2.098695e+02	6.268450e-08	-2.098693e+01	-2.098381e+01	-1.745032e+02	-2.098697e+02	4.829193e-02	8.977737e-10	1.043958e-01	3.939295e-01	2.774312e-01	9.595162e-02	1.282919e-01	2.189000e+08	4.310000e+13	8.077600e+03	1.243800e+04	-3.536628e+01	-5.215262e+01	3.835351e+01	-1.782485e+01	-4.829187e-02	-2.741583e-03	9.670811e-04	-1.725165e-03
29	4.440002e-01	3.906250e-04	3.906250e-04		-2.098947e+02	6.267490e-08	-2.098944e+01	-2.098634e+01	-1.746217e+02	-2.098949e+02	4.827233e-02	1.097771e-09	1.046236e-01	3.937379e-01	2.774157e-01	9.595043e-02	1.282723e-01	2.189000e+08	4.310000e+13	8.077600e+03	1.243800e+04	-3.527306e+01	-5.205711e+01	3.836022e+01	-1.783198e+01	-4.827226e-02	-2.712417e-03	9.567060e-04	-1.725934e-03
30	4.362269e-01	3.906250e-04	3.906250e-04		-2.099192e+02	6.226452e-08	-2.099190e+01	-2.098881e+01	-1.747389e+02	-2.099194e+02	4.825268e-02	8.977724e-10	1.048516e-01	3.935465e-01	2.774001e-01	9.594915e-02	1.282527e-01	2.189000e+08	4.310000e+13	8.077600e+03	1.243800e+04	-3.518028e+01	-5.196164e+01	3.836682e+01	-1.783910e+01	-4.825262e-02	-2.683340e-03	9.463348e-04	-1.726695e-03
31	4.292510e-01	3.906250e-04	3.906250e-04		-2.099429e+02	6.205321e-08	-2.099427e+01	-2.099119e+01	-1.748550e+02	-2.099431e+02	4.823301e-02	8.977715e-10	1.050797e-01	3.933553e-01	2.773843e-01	9.594779e-02	1.282330e-01	2.189000e+08	4.310000e+13	8.077600e+03	1.243800e+04	-3.508795e+01	-5.186624e+01	3.837330e+01	-1.784620e+01	-4.823295e-02	-2.654352e-03	9.359679e-04	-1.727449e-03
32	4.220680e-01	3.906250e-04	3.906250e-04		-2.099659e+02	6.184089e-08	-2.099657e+01	-2.099350e+01	-1.749698e+02	-2.099661e+02	4.821330e-02	8.977703e-10	1.053079e-01	3.931643e-01	2.773682e-01	9.594635e-02	1.282133e-01	2.189000e+08	4.310000e+13	8.077600e+03	1.243800e+04	-3.499607e+01	-5.177090e+01	3.837966e+01	-1.785330e+01	-4.821324e-02	-2.625454e-03	9.256053e-04	-1.728195e-03
33	4.146646e-01	3.906250e-04	3.906250e-04		-2.099881e+02	6.162721e-08	-2.099879e+01	-2.099573e+01	-1.750835e+02	-2.099884e+02	4.819357e-02	8.977700e-10	1.055362e-01	3.929735e-01	2.773520e-01	9.594481e-02	1.281936e-01	2.189000e+08	4.310000e+13	8.077600e+03	1.243800e+04	-3.490465e+01	-5.167561e+01	3.838591e+01	-1.786038e+01	-4.819350e-02	-2.596645e-03	9.152474e-04	-1.728934e-03
34	4.070349e-01	3.906250e-04	3.906250e-04		-2.100096e+02	6.141238e-08	-2.100094e+01	-2.099789e+01	-1.751959e+02	-2.100098e+02	4.817380e-02	8.977691e-10	1.057646e-01	3.927828e-01	2.773356e-01	9.594319e-02	1.281738e-01	2.189000e+08	4.310000e+13	8.077600e+03	1.243800e+04	-3.481369e+01	-5.158039e+01	3.839204e+01	-1.786745e+01	-4.817374e-02	-2.567926e-03	9.048944e-04	-1.729665e-03
35	3.991686e-01	3.906250e-04	3.906250e-04		-2.100304e+02	6.119600e-08	-2.100301e+01	-2.099998e+01	-1.753072e+02	-2.100306e+02	4.815400e-02	8.977690e-10	1.059931e-01	3.925924e-01	2.773190e-01	9.594148e-02	1.281540e-01	2.189000e+08	4.310000e+13	8.077600e+03	1.243800e+04	-3.472319e+01	-5.148524e+01	3.839806e+01	-1.787452e+01	-4.815394e-02	-2.539298e-03	8.945466e-04	-1.730390e-03
36	3.910534e-01	3.906250e-04	3.906250e-04		-2.100504e+02	6.097778e-08	-2.100501e+01	-2.100199e+01	-1.754172e+02	-2.100506e+02	4.813419e-02	8.977678e-10	1.062217e-01	3.924022e-01	2.773022e-01	9.593968e-02	1.281342e-01	2.189000e+08	4.310000e+13	8.077600e+03	1.243800e+04	-3.463317e+01	-5.139015e+01	3.840396e+01	-1.788157e+01	-4.813412e-02	-2.510760e-03	8.842044e-04	-1.731107e-03
37	3.826789e-01	3.906250e-04	3.906250e-04		-2.100696e+02	6.075756e-08	-2.100694e+01	-2.100392e+01	-1.755260e+02	-2.100698e+02	4.811434e-02	8.977669e-10	1.064505e-01	3.922122e-01	2.772852e-01	9.593780e-02	1.281143e-01	2.189000e+08	4.310000e+13	8.077600e+03	1.243800e+04	-3.454363e+01	-5.129514e+01	3.840974e+01	-1.788862e+01	-4.811428e-02	-2.482314e-03	8.738681e-04	-1.731816e-03
38	3.740343e-01	3.906250e-04	3.906250e-04		-2.100881e+02	6.053504e-08	-2.100879e+01	-2.100578e+01	-1.756335e+02	-2.100883e+02	4.809448e-02	8.977660e-10	1.066793e-01	3.920225e-01	2.772680e-01	9.593582e-02	1.280945e-01	2.189000e+08	4.310000e+13	8.077600e+03	1.243800e+04	-3.445458e+01	-5.120020e+01	3.841541e+01	-1.789567e+01	-4.809442e-02	-2.453961e-03	8.635380e-04	-1.732519e-03
39	3.651059e-01	3.906250e-04	3.906250e-04		-2.101059e+02	6.030979e-08	-2.101057e+01	-2.100757e+01	-1.757399e+02	-2.101061e+02	4.807460e-02	8.977653e-10	1.069082e-01	3.918329e-01	2.772506e-01	9.593375e-02	1.280746e-01	2.189000e+08	4.310000e+13	8.077600e+03	1.243800e+04	-3.436602e+01	-5.110534e+01	3.842096e+01	-1.790271e+01	-4.807454e-02	-2.425700e-03	8.532147e-04	-1.733214e-03
40	3.558829e-01	3.906250e-04	3.906250e-04		-2.101229e+02	6.008147e-08	-2.101227e+01	-2.100929e+01	-1.758450e+02	-2.101231e+02	4.805471e-02	8.977648e-10	1.071371e-01	3.916436e-01	2.772330e-01	9.593159e-02	1.280547e-01	2.189000e+08	4.310000e+13	8.077600e+03	1.243800e+04	-3.427796e+01	-5.101056e+01	3.842640e+01	-1.790975e+01	-4.805465e-02	-2.397532e-03	8.428985e-04	-1.733902e-03
41	3.463506e-01	3.906250e-04	3.906250e-04		-2.101392e+02	5.984945e-08	-2.101390e+01	-2.101093e+01	-1.759488e+02	-2.101394e+02	4.803480e-02	8.977640e-10	1.073662e-01	3.914545e-01	2.772152e-01	9.592933e-02	1.280348e-01	2.189000e+08	4.310000e+13	8.077600e+03	1.243800e+04	-3.419043e+01	-5.091587e+01	3.843173e+01	-1.791678e+01	-4.803474e-02	-2.369460e-03	8.325901e-04	-1.734582e-03
42	3.364985e-01	3.906250e-04	3.906250e-04		-2.101548e+02	5.961317e-08	-2.101545e+01	-2.101250e+01	-1.760514e+02	-2.101550e+02	4.801489e-02	8.977632e-10	1.075953e-01	3.912656e-01	2.771972e-01	9.592697e-02	1.280149e-01	2.189000e+08	4.310000e+13	8.077600e+03	1.243800e+04	-3.410342e+01	-5.082127e+01	3.843695e+01	-1.792382e+01	-4.801483e-02	-2.341483e-03	8.222900e-04	-1.735256e-03
43	3.263094e-01	3.906250e-04	3.906250e-04		-2.101696e+02	5.937165e-08	-2.101694e+01	-2.101399e+01	-1.761526e+02	-2.101698e+02	4.799497e-02	8.977626e-10	1.078244e-01	3.910770e-01	2.771790e-01	9.592452e-02	1.279950e-01	2.189000e+08	4.310000e+13	8.077600e+03	1.243800e+04	-3.401695e+01	-5.072676e+01	3.844205e+01	-1.793087e+01	-4.799492e-02	-2.313603e-03	8.119990e-04	-1.735923e-03
44	3.141736e-01	3.906250e-04	3.906250e-04		-2.101837e+02	5.912411e-08	-2.101835e+01	-2.101541e+01	-1.762526e+02	-2.101839e+02	4.797506e-02	8.977615e-10	1.080536e-01	3.908887e-01	2.771606e-01	9.592197e-02	1.279751e-01	2.189000e+08	4.310000e+13	8.077600e+03	1.243800e+04	-3.393105e+01	-5.063236e+01	3.844703e+01	-1.793792e+01	-4.797501e-02	-2.285822e-03	8.017178e-04	-1.736582e-03
45	3.065277e-01	3.906250e-04	3.906250e-04		-2.101970e+02	5.906916e-08	-2.101967e+01	-2.101675e+01	-1.763513e+02	-2.101973e+02	4.795516e-02	1.097759e-09	1.082828e-01	3.907006e-01	2.771421e-01	9.591931e-02	1.279552e-01	2.189000e+08	4.310000e+13	8.077600e+03	1.243800e+04	-3.384573e+01	-5.053807e+01	3.845191e+01	-1.794497e+01	-4.795510e-02	-2.258142e-03	7.914475e-04	-1.737234e-03
46	2.936056e-01	3.906250e-04	3.906250e-04		-2.102096e+02	5.860527e-08	-2.102094e+01	-2.101803e+01	-1.764486e+02	-2.102099e+02	4.793528e-02	8.977609e-10	1.085120e-01	3.905128e-01	2.771233e-01	9.591655e-02	1.279353e-01	2.189000e+08	4.310000e+13	8.077600e+03	1.243800e+04	-3.376101e+01	-5.044391e+01	3.845667e+01	-1.795205e+01	-4.793522e-02	-2.230565e-03	7.811892e-04	-1.737880e-03
47	2.819559e-01	3.906250e-04	3.906250e-04		-2.102215e+02	5.833056e-08	-2.102213e+01	-2.101924e+01	-1.765446e+02	-2.102218e+02	4.791542e-02	8.977601e-10	1.087412e-01	3.903254e-01	2.771043e-01	9.591368e-02	1.279154e-01	2.189000e+08	4.310000e+13	8.077600e+03	1.243800e+04	-3.367693e+01	-5.034988e+01	3.846133e+01	-1.795914e+01	-4.791536e-02	-2.203093e-03	7.709441e-04	-1.738518e-03
48	2.699146e-01	3.906250e-04	3.906250e-04		-2.102327e+02	5.804212e-08	-2.102325e+01	-2.102037e+01	-1.766392e+02	-2.102329e+02	4.789560e-02	8.977594e-10	1.089703e-01	3.901382e-01	2.770851e-01	9.591070e-02	1.278956e-01	2.189000e+08	4.310000e+13	8.077600e+03	1.243800e+04	-3.359352e+01	-5.025600e+01	3.846587e+01	-1.796625e+01	-4.789554e-02	-2.175731e-03	7.607141e-04	-1.739150e-03
49	2.574881e-01	3.906250e-04	3.906250e-04		-2.102431e+02	5.773685e-08	-2.102429e+01	-2.102143e+01	-1.767323e+02	-2.102434e+02	4.787582e-02	8.977587e-10	1.091994e-01	3.899515e-01	2.770657e-01	9.590759e-02	1.278758e-01	2.189000e+08	4.310000e+13	8.077600e+03	1.243800e+04	-3.351082e+01	-5.016228e+01	3.847031e+01	-1.797339e+01	-4.787576e-02	-2.148482e-03	7.505011e-04	-1.739774e-03
50	2.446837e-01	3.906250e-04	3.906250e-04		-2.102529e+02	5.740987e-08	-2.102526e+01	-2.102241e+01	-1.768240e+02	-2.102531e+02	4.785610e-02	8.977582e-10	1.094283e-01	3.897651e-01	2.770461e-01	9.590437e-02	1.278561e-01	2.189000e+08	4.310000e+13	8.077600e+03	1.243800e+04	-3.342888e+01	-5.006875e+01	3.847463e+01	-1.798057e+01	-4.785605e-02	-2.121352e-03	7.403075e-04	-1.740392e-03
51	2.315227e-01	3.906250e-04	3.906250e-04		-2.102618e+02	5.705488e-08	-2.102616e+01	-2.102333e+01	-1.769141e+02	-2.102621e+02	4.783647e-02	8.977579e-10	1.096570e-01	3.895792e-01	2.770263e-01	9.590100e-02	1.278365e-01	2.189000e+08	4.310000e+13	8.077600e+03	1.243800e+04	-3.334777e+01	-4.997544e+01	3.847885e+01	-1.798779e+01	-4.783641e-02	-2.094349e-03	7.301368e-04	-1.741003e-03
52	2.180620e-01	3.906250e-04	3.906250e-04		-2.102701e+02	5.666334e-08	-2.102699e+01	-2.102418e+01	-1.770026e+02	-2.102703e+02	4.781694e-02	8.977572e-10	1.098855e-01	3.893938e-01	2.770063e-01	9.589750e-02	1.278169e-01	2.189000e+08	4.310000e+13	8.077600e+03	1.243800e+04	-3.326756e+01	-4.988239e+01	3.848296e+01	-1.799507e+01	-4.781688e-02	-2.067481e-03	7.199929e-04	-1.741607e-03
53	2.043935e-01	3.906250e-04	3.906250e-04		-2.102777e+02	5.622248e-08	-2.102774e+01	-2.102496e+01	-1.770893e+02	-2.102779e+02	4.779753e-02	8.977564e-10	1.101136e-01	3.892090e-01	2.769861e-01	9.589385e-02	1.277975e-01	2.189000e+08	4.310000e+13	8.077600e+03	1.243800e+04	-3.318836e+01	-4.978963e+01	3.848697e+01	-1.800241e+01	-4.779748e-02	-2.040761e-03	7.098815e-04	-1.742205e-03
54	1.906777e-01	3.906250e-04	3.906250e-04		-2.102845e+02	5.571395e-08	-2.102843e+01	-2.102567e+01	-1.771742e+02	-2.102847e+02	4.777830e-02	8.977551e-10	1.103412e-01	3.890249e-01	2.769656e-01	9.589003e-02	1.277783e-01	2.189000e+08	4.310000e+13	8.077600e+03	1.243800e+04	-3.311031e+01	-4.969725e+01	3.849087e+01	-1.800983e+01	-4.777825e-02	-2.014206e-03	6.998099e-04	-1.742796e-03
55	1.772267e-01	3.906250e-04	3.906250e-04		-2.102907e+02	5.511069e-08	-2.102904e+01	-2.102631e+01	-1.772571e+02	-2.102909e+02	4.775929e-02	8.977552e-10	1.105681e-01	3.888417e-01	2.769449e-01	9.588603e-02	1.277593e-01	2.189000e+08	4.310000e+13	8.077600e+03	1.243800e+04	-3.303359e+01	-4.960533e+01	3.849468e+01	-1.801736e+01	-4.775924e-02	-1.987840e-03	6.897885e-04	-1.743380e-03
56	1.645880e-01	3.906250e-04	3.906250e-04		-2.102961e+02	5.436954e-08	-2.102959e+01	-2.102689e+01	-1.773376e+02	-2.102963e+02	4.774057e-02	8.977545e-10	1.107940e-01	3.886596e-01	2.769240e-01	9.588182e-02	1.277406e-01	2.189000e+08	4.310000e+13	8.077600e+03	1.243800e+04	-3.295845e+01	-4.951400e+01	3.849838e+01	-1.802501e+01	-4.774052e-02	-1.961699e-03	6.798323e-04	-1.743958e-03
57	1.538121e-01	3.906250e-04	3.906250e-04		-2.103008e+02	5.342140e-08	-2.103006e+01	-2.102741e+01	-1.774156e+02	-2.103011e+02	4.772224e-02	8.977545e-10	1.110184e-01	3.884791e-01	2.769029e-01	9.587737e-02	1.277222e-01	2.189000e+08	4.310000e+13	8.077600e+03	1.243800e+04	-3.288525e+01	-4.942348e+01	3.850198e+01	-1.803282e+01	-4.772219e-02	-1.935836e-03	6.699637e-04	-1.744528e-03
58	1.469742e-01	3.906250e-04	3.906250e-04		-2.103049e+02	5.214957e-08	-2.103047e+01	-2.102788e+01	-1.774904e+02	-2.103051e+02	4.770444e-02	8.977532e-10	1.112408e-01	3.883006e-01	2.768816e-01	9.587264e-02	1.277044e-01	2.189000e+08	4.310000e+13	8.077600e+03	1.243800e+04	-3.281452e+01	-4.933407e+01	3.850549e+01	-1.804084e+01	-4.770439e-02	-1.910333e-03	6.602174e-04	-1.745092e-03
59	1.453372e-01	3.906250e-04	3.906250e-04		-2.103083e+02	5.034895e-08	-2.103081e+01	-2.102831e+01	-1.775612e+02	-2.103085e+02	4.768740e-02	8.977531e-10	1.114598e-01	3.881252e-01	2.768601e-01	9.586756e-02	1.276874e-01	2.189000e+08	4.310000e+13	8.077600e+03	1.243800e+04	-3.274708e+01	-4.924629e+01	3.850890e+01	-1.804912e+01	-4.768735e-02	-1.885329e-03	6.506510e-04	-1.745646e-03
60	1.707866e-01	3.906250e-04	3.906250e-04		-2.103111e+02	4.784449e-08	-2.103107e+01	-2.102871e+01	-1.776268e+02	-2.103113e+02	4.767149e-02	1.097751e-09	1.116734e-01	3.879545e-01	2.768385e-01	9.586207e-02	1.276715e-01	2.189000e+08	4.310000e+13	8.077600e+03	1.243800e+04	-3.268427e+01	-4.916105e+01	3.851222e+01	-1.805775e+01	-4.767144e-02	-1.861068e-03	6.413640e-04	-1.746190e-03
61	2.249651e-01	3.906250e-04	3.906250e-04		-2.103132e+02	4.334096e-08	-2.103130e+01	-2.102915e+01	-1.776849e+02	-2.103134e+02	4.765730e-02	8.977523e-10	1.118778e-01	3.877918e-01	2.768170e-01	9.585606e-02	1.276573e-01	2.189000e+08	4.310000e+13	8.077600e+03	1.243800e+04	-3.262832e+01	-4.908002e+01	3.851542e+01	-1.806681e+01	-4.765726e-02	-1.838001e-03	6.325400e-04	-1.746718e-03
62	3.577179e-01	3.906250e-04	3.906250e-04		-2.103149e+02	3.624869e-08	-2.103146e+01	-2.102967e+01	-1.777317e+02	-2.103150e+02	4.764590e-02	8.977522e-10	1.120654e-01	3.876432e-01	2.767961e-01	9.584940e-02	1.276459e-01	2.189000e+08	4.310000e+13	8.077600e+03	1.243800e+04	-3.258313e+01	-4.900639e+01	3.851847e+01	-1.807639e+01	-4.764586e-02	-1.816995e-03	6.245286e-04	-1.747218e-03
63	5.886251e-01	3.906250e-04	3.906250e-04		-2.103161e+02	2.509403e-08	-2.103158e+01	-2.103035e+01	-1.777612e+02	-2.103162e+02	4.763895e-02	8.977524e-10	1.122223e-01	3.875200e-01	2.767768e-01	9.584207e-02	1.276390e-01	2.189000e+08	4.310000e+13	8.077600e+03	1.243800e+04	-3.255491e+01	-4.894596e+01	3.852127e+01	-1.808642e+01	-4.763893e-02	-1.799641e-03	6.179641e-04	-1.747665e-03
64	8.632571e-01	3.906250e-04	3.906250e-04		-2.103171e+02	1.172487e-08	-2.103166e+01	-2.103112e+01	-1.777666e+02	-2.103172e+02	4.763830e-02	1.097750e-09	1.123293e-01	3.874373e-01	2.767609e-01	9.583433e-02	1.276383e-01	2.189000e+08	4.310000e+13	8.077600e+03	1.243800e+04	-3.255049e+01	-4.890642e+01	3.852361e+01	-1.809644e+01	-4.763828e-02	-1.788071e-03	6.136865e-04	-1.748019e-03
65	1.150095e+00	3.906250e-04	7.812500e-04		-2.103181e+02	2.624978e-09	-2.103176e+01	-2.103168e+01	-1.777485e+02	-2.103181e+02	4.764387e-02	8.977523e-10	1.123803e-01	3.873997e-01	2.767494e-01	9.582673e-02	1.276439e-01	2.189000e+08	4.310000e+13	8.077600e+03	1.243800e+04	-3.256960e+01	-4.888998e+01	3.852539e+01	-1.810579e+01	-4.764386e-02	-1.782904e-03	6.119298e-04	-1.748261e-03
66	5.801041e-01	7.812500e-04	7.812500e-04		-2.103190e+02	3.962361e-10	-2.103186e+01	-2.103188e+01	-1.777167e+02	-2.103190e+02	4.765304e-02	8.977538e-10	1.123959e-01	3.873907e-01	2.767410e-01	9.581946e-02	1.276530e-01	2.189000e+08	4.310000e+13	8.077600e+03	1.243800e+04	-3.260236e+01	-4.888803e+01	3.852679e+01	-1.811446e+01	-4.765304e-02	-1.781771e-03	6.117539e-04	-1.748427e-03
67	9.079001e-01	7.812500e-04	1.562500e-03		-2.103208e+02	2.185262e-09	-2.103203e+01	-2.103197e+01	-1.776627e+02	-2.103207e+02	4.766874e-02	8.977535e-10	1.124486e-01	3.873551e-01	2.767225e-01	9.580502e-02	1.276687e-01	2.189000e+08	4.310000e+13	8.077600e+03	1.243800e+04	-3.265803e+01	-4.887510e+01	3.852974e+01	-1.813186e+01	-4.766874e-02	-1.777024e-03	6.104167e-04	-1.748800e-03
68	-6.707093e+00	1.562500e-03	7.812500e-04		-2.103225e+02	1.568228e-09	-2.103219e+01	-2.103217e+01	-1.775762e+02	-2.103223e+02	4.769299e-02	8.977551e-10	1.124114e-01	3.873916e-01	2.767122e-01	9.579178e-02	1.276930e-01	2.189000e+08	4.310000e+13	8.077600e+03	1.243800e+04	-3.274629e+01	-4.889868e+01	3.853167e+01	-1.814708e+01	-4.769299e-02	-1.782438e-03	6.130506e-04	-1.748975e-03
69	1.299050e+00	7.812500e-04	1.562500e-03				-2.103247e+01		-1.775130e+02	-2.103251e+02	4.771220e-02	8.977538e-10	1.126328e-01	3.872271e-01	2.766658e-01	9.576215e-02	1.277122e-01												
70	-6.464001e+00	1.562500e-03	7.812500e-04		-2.103240e+02	-1.054225e-10	-2.103234e+01	-2.103240e+01	-1.775082e+02	-2.103239e+02	4.771229e-02	8.977564e-10	1.124272e-01	3.873856e-01	2.766971e-01	9.577779e-02	1.277123e-01	2.189000e+08	4.310000e+13	8.077600e+03	1.243800e+04	-3.281579e+01	-4.890079e+01	3.853422e+01	-1.816366e+01	-4.771229e-02	-1.781873e-03	6.133486e-04	-1.749268e-03
71	1.300485e+00	7.812500e-04	1.562500e-03				-2.103259e+01		-1.774279e+02	-2.103264e+02	4.773593e-02	8.977555e-10	1.126058e-01	3.872555e-01	2.766542e-01	9.574848e-02	1.277359e-01												
72	-1.209588e+01	1.562500e-03	7.812500e-04		-2.103254e+02	6.122146e-10	-2.103249e+01	-2.103251e+01	-1.774258e+02	-2.103253e+02	4.773532e-02	8.977581e-10	1.124031e-01	3.874116e-01	2.766856e-01	9.576436e-02	1.277353e-01	2.189000e+08	4.310000e+13	8.077600e+03	1.243800e+04	-3.289962e+01	-4.891906e+01	3.853629e+01	-1.817924e+01	-4.773532e-02	-1.785800e-03	6.153994e-04	-1.749472e-03
73	1.502406e+00	7.812500e-04	1.562500e-03				-2.103272e+01		-1.773688e+02	-2.103277e+02	4.775269e-02	8.977570e-10	1.126413e-01	3.872336e-01	2.766378e-01	9.573467e-02	1.277527e-01												
74	-1.205137e+01	1.562500e-03	7.812500e-04		-2.103267e+02	-1.783204e-10	-2.103262e+01	-2.103267e+01	-1.773561e+02	-2.103266e+02	4.775497e-02	8.977600e-10	1.124149e-01	3.874089e-01	2.766709e-01	9.575044e-02	1.277550e-01	2.189000e+08	4.310000e+13	8.077600e+03	1.243800e+04	-3.297066e+01	-4.892276e+01	3.853878e+01	-1.819574e+01	-4.775497e-02	-1.785672e-03	6.158661e-04	-1.749755e-03
75	1.241662e+00	7.812500e-04	1.562500e-03				-2.103282e+01		-1.772852e+02	-2.103287e+02	4.777592e-02	8.977590e-10	1.126189e-01	3.872583e-01	2.766259e-01	9.572098e-02	1.277759e-01												
76	-2.061416e+01	1.562500e-03	7.812500e-04		-2.103280e+02	8.347588e-10	-2.103274e+01	-2.103275e+01	-1.772721e+02	-2.103278e+02	4.777830e-02	8.977614e-10	1.123872e-01	3.874377e-01	2.766597e-01	9.573709e-02	1.277783e-01	2.189000e+08	4.310000e+13	8.077600e+03	1.243800e+04	-3.305585e+01	-4.894244e+01	3.854080e+01	-1.821122e+01	-4.777829e-02	-1.789984e-03	6.180638e-04	-1.749950e-03
77	1.459918e+00	7.812500e-04	1.562500e-03				-2.103293e+01		-1.772310e+02	-2.103298e+02	4.779126e-02	8.977609e-10	1.126660e-01	3.872269e-01	2.766087e-01	9.570724e-02	1.277913e-01												
78	-1.726443e+01	1.562500e-03	7.812500e-04		-2.103290e+02	1.750185e-10	-2.103285e+01	-2.103289e+01	-1.772066e+02	-2.103289e+02	4.779673e-02	8.977629e-10	1.124114e-01	3.874250e-01	2.766439e-01	9.572303e-02	1.277967e-01	2.189000e+08	4.310000e+13	8.077600e+03	1.243800e+04	-3.312245e+01	-4.894111e+01	3.854341e+01	-1.822800e+01	-4.779673e-02	-1.788458e-03	6.179820e-04	-1.750259e-03
79	-2.020072e+00	7.812500e-04	3.906250e-04				-2.103300e+01		-1.771364e+02	-2.103305e+02	4.781731e-02	8.977621e-10	1.126185e-01	3.872718e-01	2.765987e-01	9.569359e-02	1.278173e-01												
80		3.906250e-04					-2.103294e+01		-1.771107e+02	-2.103299e+02	4.782303e-02	8.977647e-10	1.123503e-01	3.874806e-01	2.766359e-01	9.571025e-02	1.278230e-01												
