RTO_iter	rho	tr	tr_adjusted	event	base_cost	base_con	merit	base_merit	cost_unmodified	cost	con_unmodified	con	XFr_A	XFr_B	XFr_E	XFr_P	XFr_G	Ka1	Ka2	Kb1	Kb2	cost_eps	Fa_cost_lam	Fb_cost_lam	Tr_cost_lam	con_eps	Fa_con_lam	Fb_con_lam	Tr_con_lam
0																		2.189000e+08	4.310000e+13	8.077600e+03	1.243800e+04	0.000000e+00	0.000000e+00	0.000000e+00	0.000000e+00	0.000000e+00	0.000000e+00	0.000000e+00	0.000000e+00
1	1.003986e+00	1.000000e-01	2.000000e-01		-7.752530e+01	-3.276256e-02	-1.989546e+01	-7.752530e+00	-1.992171e+02	-1.992171e+02	2.625780e-03	2.625780e-03	1.113367e-01	4.560977e-01	2.516545e-01	9.828534e-02	8.262578e-02	2.189000e+08	4.310000e+13	8.077600e+03	1.243800e+04	1.216918e+02	-3.722328e+01	4.812623e+01	-1.797171e+01	-3.538834e-02	-3.752642e-03	1.690099e-03	-1.715440e-03
2	6.675769e-02	2.000000e-01	2.000000e-01		-2.159894e+02	3.375946e-03	-2.151034e+01	-2.156518e+01	-1.640411e+02	-2.154414e+02	5.349625e-02	3.379393e-03	1.006650e-01	3.914625e-01	2.792500e-01	9.512627e-02	1.334962e-01	2.189000e+08	4.310000e+13	8.077600e+03	1.243800e+04	-5.194827e+01	-5.435563e+01	3.701103e+01	-1.792085e+01	-5.012030e-02	-3.008015e-03	1.018489e-03	-1.704907e-03
3	1.202802e-02	2.000000e-01	2.000000e-01		-2.213621e+02	3.354972e-02	-2.509329e+01	-2.180071e+01	-6.701696e+01	-2.540215e+02	9.264565e-02	3.088559e-02	6.174707e-02	3.815544e-01	2.944009e-01	8.965192e-02	1.726457e-01	2.189000e+08	4.310000e+13	8.077600e+03	1.243800e+04	-1.543451e+02	-7.459239e+01	2.337318e+01	-1.309786e+01	-5.909593e-02	-8.276475e-03	2.106934e-03	-1.253076e-03
4	-9.109251e-02	2.000000e-01	1.000000e-01		-2.197840e+02	1.023063e-02	-2.806853e+01	-2.187610e+01	-1.522344e+02	-2.806853e+02	5.845711e-02	8.406863e-10	1.424901e-01	3.492762e-01	2.772860e-01	9.249061e-02	1.384571e-01	2.189000e+08	4.310000e+13	8.077600e+03	1.243800e+04	-6.754969e+01	3.737818e+01	3.314022e+01	-1.894895e+01	-4.822648e-02	-1.570962e-03	-1.130372e-03	-1.728213e-03
5	4.365254e-02	1.000000e-01	1.000000e-01				-3.885774e+01		-1.403007e+01	-3.915792e+02	9.774996e-02	3.001837e-02	4.675677e-02	3.987999e-01	2.906289e-01	8.606447e-02	1.777500e-01												
6	-2.562635e-01	1.000000e-01	5.000000e-02		-2.235984e+02	1.001580e-02	-3.066325e+01	-2.225968e+01	-1.428786e+02	-3.076969e+02	6.283081e-02	1.064405e-02	8.925150e-02	3.904296e-01	2.833989e-01	9.408917e-02	1.428308e-01	2.189000e+08	4.310000e+13	8.077600e+03	1.243800e+04	-8.071976e+01	-6.014481e+01	3.403888e+01	-1.699205e+01	-5.281501e-02	-4.224660e-03	1.314485e-03	-1.619362e-03
7	5.735413e-01	5.000000e-02	5.000000e-02				-2.336269e+01		-1.525977e+02	-2.343005e+02	5.858957e-02	6.736722e-03	1.386924e-01	3.527058e-01	2.774725e-01	9.253973e-02	1.385896e-01												
8	2.900415e-01	5.000000e-02	5.000000e-02		-2.289197e+02	1.218953e-02	-2.314959e+01	-2.277008e+01	-1.492941e+02	-2.326139e+02	6.353310e-02	1.118022e-02	1.154231e-01	3.653961e-01	2.823280e-01	9.331965e-02	1.435331e-01	2.189000e+08	4.310000e+13	8.077600e+03	1.243800e+04	-7.962566e+01	-4.812571e+01	3.338341e+01	-1.803454e+01	-5.134357e-02	-5.605211e-04	-8.489141e-05	-1.708920e-03
9	-5.205327e-01	5.000000e-02	2.500000e-02		-2.311546e+02	1.677549e-02	-2.338250e+01	-2.294771e+01	-1.259988e+02	-2.354299e+02	7.171307e-02	1.604891e-02	8.905428e-02	3.799564e-01	2.865648e-01	9.271140e-02	1.517131e-01	2.189000e+08	4.310000e+13	8.077600e+03	1.243800e+04	-1.051558e+02	-6.053419e+01	3.140289e+01	-1.674841e+01	-5.493758e-02	-3.736934e-03	1.049803e-03	-1.585955e-03
10	1.637876e-01	2.500000e-02	2.500000e-02				-2.324156e+01		-1.483286e+02	-2.335616e+02	6.385144e-02	1.145982e-02	1.144871e-01	3.660065e-01	2.824036e-01	9.325131e-02	1.438514e-01												
11	-2.000000e+00	2.500000e-02	1.250000e-02	model merit increases	-2.311327e+02	1.422007e-02	-2.309034e+01	-2.297107e+01	-1.401957e+02	-2.323023e+02	6.733929e-02	1.398863e-02	1.020198e-01	3.727906e-01	2.846423e-01	9.320805e-02	1.473393e-01	2.189000e+08	4.310000e+13	8.077600e+03	1.243800e+04	-9.093703e+01	-5.414823e+01	3.264425e+01	-1.743253e+01	-5.311921e-02	-2.002497e-03	4.710374e-04	-1.661720e-03
12	-2.000000e+00	1.250000e-02	6.250000e-03	model merit increases			-2.294699e+01		-1.460440e+02	-2.307352e+02	6.478316e-02	1.265285e-02	1.127657e-01	3.665904e-01	2.827479e-01	9.311288e-02	1.447832e-01												
13	-1.571918e-01	6.250000e-03	3.125000e-03				-2.296772e+01		-1.434290e+02	-2.310310e+02	6.611311e-02	1.353808e-02	1.077151e-01	3.692449e-01	2.837542e-01	9.317272e-02	1.461131e-01												
14	7.772578e-01	3.125000e-03	3.125000e-03				-2.297608e+01		-1.418019e+02	-2.311562e+02	6.679726e-02	1.395398e-02	1.049686e-01	3.708115e-01	2.842367e-01	9.318595e-02	1.467973e-01												
15	5.826119e-01	3.125000e-03	3.125000e-03		-2.311750e+02	1.413447e-02	-2.297761e+01	-2.297616e+01	-1.409351e+02	-2.311893e+02	6.711886e-02	1.413176e-02	1.035217e-01	3.717074e-01	2.844611e-01	9.319094e-02	1.471189e-01	2.189000e+08	4.310000e+13	8.077600e+03	1.243800e+04	-9.023996e+01	-5.345151e+01	3.268137e+01	-1.751183e+01	-5.298438e-02	-1.812325e-03	3.996232e-04	-1.667705e-03
16	6.160484e-01	3.125000e-03	3.125000e-03		-2.311834e+02	1.404534e-02	-2.297913e+01	-2.297789e+01	-1.415073e+02	-2.311956e+02	6.692013e-02	1.404327e-02	1.048626e-01	3.707748e-01	2.842772e-01	9.316524e-02	1.469201e-01	2.189000e+08	4.310000e+13	8.077600e+03	1.243800e+04	-8.967609e+01	-5.284147e+01	3.271702e+01	-1.759323e+01	-5.287479e-02	-1.648924e-03	3.379719e-04	-1.672937e-03
17	9.140503e-01	3.125000e-03	6.250000e-03		-2.311901e+02	1.397548e-02	-2.298011e+01	-2.297925e+01	-1.418070e+02	-2.311985e+02	6.678755e-02	1.397423e-02	1.059236e-01	3.700499e-01	2.841121e-01	9.312684e-02	1.467876e-01	2.189000e+08	4.310000e+13	8.077600e+03	1.243800e+04	-8.938313e+01	-5.237228e+01	3.274401e+01	-1.767421e+01	-5.281207e-02	-1.524173e-03	2.909825e-04	-1.677057e-03
18	-2.000000e+00	6.250000e-03	3.125000e-03	model merit increases	-2.312258e+02	1.394474e-02	-2.298350e+01	-2.298314e+01	-1.417634e+02	-2.312294e+02	6.675720e-02	1.394426e-02	1.065933e-01	3.695861e-01	2.839883e-01	9.307509e-02	1.467572e-01	2.189000e+08	4.310000e+13	8.077600e+03	1.243800e+04	-8.946248e+01	-5.209229e+01	3.275641e+01	-1.775011e+01	-5.281246e-02	-1.448297e-03	2.629322e-04	-1.679760e-03
19	9.993855e-01	3.125000e-03	6.250000e-03				-2.298277e+01		-1.416441e+02	-2.312079e+02	6.664668e-02	1.380147e-02	1.074725e-01	3.691552e-01	2.837386e-01	9.298707e-02	1.466467e-01												
20	8.930724e-01	6.250000e-03	6.250000e-03		-2.313004e+02	1.395584e-02	-2.299049e+01	-2.299048e+01	-1.414227e+02	-2.313004e+02	6.682465e-02	1.395574e-02	1.068973e-01	3.693531e-01	2.839110e-01	9.301395e-02	1.468246e-01	2.189000e+08	4.310000e+13	8.077600e+03	1.243800e+04	-8.987769e+01	-5.198499e+01	3.275386e+01	-1.781798e+01	-5.286881e-02	-1.415708e-03	2.517557e-04	-1.681175e-03
21	1.048326e+00	6.250000e-03	1.250000e-02		-2.313060e+02	1.384570e-02	-2.299234e+01	-2.299215e+01	-1.410515e+02	-2.313080e+02	6.679611e-02	1.384540e-02	1.074276e-01	3.691517e-01	2.837044e-01	9.292017e-02	1.467961e-01	2.189000e+08	4.310000e+13	8.077600e+03	1.243800e+04	-9.025450e+01	-5.180955e+01	3.280676e+01	-1.795676e+01	-5.295041e-02	-1.370951e-03	2.397535e-04	-1.684446e-03
22	-2.000000e+00	1.250000e-02	6.250000e-03	model merit increases	-2.315344e+02	1.395581e-02	-2.301288e+01	-2.301388e+01	-1.397535e+02	-2.315244e+02	6.713605e-02	1.395570e-02	1.071836e-01	3.692305e-01	2.836634e-01	9.278637e-02	1.471361e-01	2.189000e+08	4.310000e+13	8.077600e+03	1.243800e+04	-9.178086e+01	-5.199060e+01	3.277160e+01	-1.806745e+01	-5.318025e-02	-1.404015e-03	2.558799e-04	-1.684340e-03
23	1.044745e+00	6.250000e-03	1.250000e-02				-2.300784e+01		-1.392180e+02	-2.314462e+02	6.697593e-02	1.367788e-02	1.084711e-01	3.687317e-01	2.832088e-01	9.261242e-02	1.469759e-01												
24	-2.000000e+00	1.250000e-02	6.250000e-03	model merit increases	-2.317301e+02	1.404210e-02	-2.303179e+01	-2.303259e+01	-1.385926e+02	-2.317221e+02	6.742102e-02	1.404207e-02	1.071621e-01	3.691685e-01	2.835925e-01	9.265592e-02	1.474210e-01	2.189000e+08	4.310000e+13	8.077600e+03	1.243800e+04	-9.313754e+01	-5.206799e+01	3.274408e+01	-1.818526e+01	-5.337892e-02	-1.411505e-03	2.619069e-04	-1.684970e-03
25	1.048968e+00	6.250000e-03	1.250000e-02				-2.302557e+01		-1.379940e+02	-2.316326e+02	6.727456e-02	1.376936e-02	1.083727e-01	3.687215e-01	2.831485e-01	9.248273e-02	1.472746e-01												
26	-2.000000e+00	1.250000e-02	6.250000e-03	model merit increases	-2.319310e+02	1.413947e-02	-2.305081e+01	-2.305170e+01	-1.373468e+02	-2.319220e+02	6.772964e-02	1.413942e-02	1.070436e-01	3.691664e-01	2.835357e-01	9.252462e-02	1.477296e-01	2.189000e+08	4.310000e+13	8.077600e+03	1.243800e+04	-9.458421e+01	-5.218986e+01	3.271239e+01	-1.829973e+01	-5.359017e-02	-1.429644e-03	2.720125e-04	-1.685225e-03
27	1.049560e+00	6.250000e-03	1.250000e-02				-2.304214e+01		-1.368270e+02	-2.318066e+02	6.754926e-02	1.385224e-02	1.083753e-01	3.686428e-01	2.830771e-01	9.235548e-02	1.475493e-01												
28	-2.000000e+00	1.250000e-02	6.250000e-03	model merit increases	-2.321174e+02	1.422963e-02	-2.306860e+01	-2.306944e+01	-1.361265e+02	-2.321090e+02	6.802265e-02	1.422959e-02	1.069769e-01	3.691339e-01	2.834716e-01	9.239491e-02	1.480227e-01	2.189000e+08	4.310000e+13	8.077600e+03	1.243800e+04	-9.599091e+01	-5.228714e+01	3.268294e+01	-1.841581e+01	-5.379302e-02	-1.441772e-03	2.797263e-04	-1.685642e-03
29	1.052342e+00	6.250000e-03	1.250000e-02				-2.305814e+01		-1.356139e+02	-2.319752e+02	6.783264e-02	1.393796e-02	1.083289e-01	3.685989e-01	2.830114e-01	9.222814e-02	1.478326e-01												
30	-2.000000e+00	1.250000e-02	6.250000e-03	model merit increases	-2.323001e+02	1.432264e-02	-2.308592e+01	-2.308679e+01	-1.348703e+02	-2.322915e+02	6.832173e-02	1.432260e-02	1.068792e-01	3.691215e-01	2.834121e-01	9.226545e-02	1.483217e-01	2.189000e+08	4.310000e+13	8.077600e+03	1.243800e+04	-9.742984e+01	-5.239838e+01	3.265221e+01	-1.853071e+01	-5.399909e-02	-1.457161e-03	2.886467e-04	-1.685918e-03
31	1.053921e+00	6.250000e-03	1.250000e-02				-2.307322e+01		-1.344176e+02	-2.321341e+02	6.810518e-02	1.401967e-02	1.083234e-01	3.685279e-01	2.829413e-01	9.210224e-02	1.481052e-01												
32	-2.000000e+00	1.250000e-02	6.250000e-03	model merit increases	-2.324721e+02	1.441185e-02	-2.310226e+01	-2.310310e+01	-1.336198e+02	-2.324638e+02	6.861248e-02	1.441181e-02	1.068059e-01	3.690952e-01	2.833492e-01	9.213713e-02	1.486125e-01	2.189000e+08	4.310000e+13	8.077600e+03	1.243800e+04	-9.885237e+01	-5.249770e+01	3.262255e+01	-1.864633e+01	-5.420063e-02	-1.469619e-03	2.963771e-04	-1.686260e-03
33	1.056805e+00	6.250000e-03	1.250000e-02				-2.308762e+01		-1.331935e+02	-2.322865e+02	6.838068e-02	1.410223e-02	1.082954e-01	3.684735e-01	2.828738e-01	9.197667e-02	1.483807e-01												
34	-2.000000e+00	1.250000e-02	6.250000e-03	model merit increases	-2.326391e+02	1.450252e-02	-2.311804e+01	-2.311888e+01	-1.323418e+02	-2.326306e+02	6.890634e-02	1.450247e-02	1.067128e-01	3.690823e-01	2.832894e-01	9.200923e-02	1.489063e-01	2.189000e+08	4.310000e+13	8.077600e+03	1.243800e+04	-1.002973e+02	-5.260580e+01	3.259211e+01	-1.876112e+01	-5.440383e-02	-1.484089e-03	3.048302e-04	-1.686502e-03
35	1.058890e+00	6.250000e-03	1.250000e-02				-2.310115e+01		-1.319806e+02	-2.324297e+02	6.864737e-02	1.418152e-02	1.082994e-01	3.683978e-01	2.828030e-01	9.185240e-02	1.486474e-01												
36	-2.000000e+00	1.250000e-02	6.250000e-03	model merit increases	-2.327957e+02	1.458974e-02	-2.313285e+01	-2.313368e+01	-1.310681e+02	-2.327875e+02	6.919260e-02	1.458970e-02	1.066417e-01	3.690567e-01	2.832266e-01	9.188242e-02	1.491926e-01	2.189000e+08	4.310000e+13	8.077600e+03	1.243800e+04	-1.017276e+02	-5.270305e+01	3.256262e+01	-1.887656e+01	-5.460286e-02	-1.495906e-03	3.122058e-04	-1.686803e-03
37	1.062397e+00	6.250000e-03	1.250000e-02				-2.311402e+01		-1.307404e+02	-2.325663e+02	6.891693e-02	1.426164e-02	1.082818e-01	3.683380e-01	2.827348e-01	9.172844e-02	1.489169e-01												
38	-2.000000e+00	1.250000e-02	6.250000e-03	model merit increases	-2.329480e+02	1.467901e-02	-2.314717e+01	-2.314801e+01	-1.297630e+02	-2.329396e+02	6.948329e-02	1.467896e-02	1.065455e-01	3.690479e-01	2.831674e-01	9.175593e-02	1.494833e-01	2.189000e+08	4.310000e+13	8.077600e+03	1.243800e+04	-1.031850e+02	-5.281163e+01	3.253216e+01	-1.899098e+01	-5.480428e-02	-1.510327e-03	3.205326e-04	-1.686984e-03
39	1.064705e+00	6.250000e-03	1.250000e-02				-2.312597e+01		-1.295202e+02	-2.326935e+02	6.917535e-02	1.433777e-02	1.083075e-01	3.682490e-01	2.826622e-01	9.160598e-02	1.491754e-01												
40	-2.000000e+00	1.250000e-02	6.250000e-03	model merit increases	-2.330882e+02	1.476310e-02	-2.316039e+01	-2.316119e+01	-1.284746e+02	-2.330802e+02	6.976250e-02	1.476306e-02	1.064874e-01	3.690162e-01	2.831032e-01	9.163076e-02	1.497625e-01	2.189000e+08	4.310000e+13	8.077600e+03	1.243800e+04	-1.046136e+02	-5.290179e+01	3.250326e+01	-1.910664e+01	-5.499940e-02	-1.520337e-03	3.271098e-04	-1.687289e-03
41	1.069657e+00	6.250000e-03	1.250000e-02				-2.313737e+01		-1.282540e+02	-2.328154e+02	6.944215e-02	1.441660e-02	1.082861e-01	3.681937e-01	2.825948e-01	9.148333e-02	1.494422e-01												
42	-2.000000e+00	1.250000e-02	6.250000e-03	model merit increases	-2.332287e+02	1.485350e-02	-2.317348e+01	-2.317434e+01	-1.271258e+02	-2.332201e+02	7.005561e-02	1.485345e-02	1.063658e-01	3.690256e-01	2.830477e-01	9.150531e-02	1.500556e-01	2.189000e+08	4.310000e+13	8.077600e+03	1.243800e+04	-1.061029e+02	-5.302139e+01	3.247190e+01	-1.921987e+01	-5.520212e-02	-1.537197e-03	3.362697e-04	-1.687323e-03
43	1.070392e+00	6.250000e-03	1.250000e-02				-2.314764e+01		-1.270557e+02	-2.329251e+02	6.968450e-02	1.448706e-02	1.083715e-01	3.680640e-01	2.825165e-01	9.136342e-02	1.496845e-01												
44	-2.000000e+00	1.250000e-02	6.250000e-03	model merit increases	-2.333460e+02	1.492851e-02	-2.318460e+01	-2.318532e+01	-1.258653e+02	-2.333388e+02	7.031432e-02	1.492847e-02	1.063760e-01	3.689522e-01	2.829748e-01	9.138264e-02	1.503143e-01	2.189000e+08	4.310000e+13	8.077600e+03	1.243800e+04	-1.074807e+02	-5.307828e+01	3.244570e+01	-1.933775e+01	-5.538581e-02	-1.539297e-03	3.397117e-04	-1.687853e-03
45	1.077953e+00	6.250000e-03	1.250000e-02				-2.315794e+01		-1.256943e+02	-2.330365e+02	6.996841e-02	1.457127e-02	1.082527e-01	3.680791e-01	2.824595e-01	9.124027e-02	1.499684e-01												
46	-2.000000e+00	1.250000e-02	6.250000e-03	model merit increases	-2.334969e+02	1.504066e-02	-2.319827e+01	-2.319928e+01	-1.243326e+02	-2.334868e+02	7.065528e-02	1.504049e-02	1.060431e-01	3.690982e-01	2.829479e-01	9.125552e-02	1.506553e-01	2.189000e+08	4.310000e+13	8.077600e+03	1.243800e+04	-1.091643e+02	-5.329682e+01	3.240614e+01	-1.944249e+01	-5.561463e-02	-1.579088e-03	3.575322e-04	-1.686987e-03
47	9.708718e-01	6.250000e-03	1.250000e-02				-2.316580e+01		-1.247434e+02	-2.331198e+02	7.013474e-02	1.461792e-02	1.086864e-01	3.677006e-01	2.823488e-01	9.112948e-02	1.501347e-01												
48	7.728860e-01	1.250000e-02	1.250000e-02		-2.335320e+02	1.505384e-02	-2.320276e+01	-2.320266e+01	-1.235100e+02	-2.335330e+02	7.076812e-02	1.505340e-02	1.066451e-01	3.686410e-01	2.828013e-01	9.114459e-02	1.507681e-01	2.189000e+08	4.310000e+13	8.077600e+03	1.243800e+04	-1.100220e+02	-5.307122e+01	3.240055e+01	-1.957959e+01	-5.571428e-02	-1.515432e-03	3.355329e-04	-1.689808e-03
49	-2.000000e+00	1.250000e-02	6.250000e-03	model merit increases	-2.345458e+02	1.627456e-02	-2.331803e+01	-2.329183e+01	-1.179468e+02	-2.348040e+02	7.279337e-02	1.623693e-02	1.008357e-01	3.714960e-01	2.838707e-01	9.100422e-02	1.527934e-01	2.189000e+08	4.310000e+13	8.077600e+03	1.243800e+04	-1.165989e+02	-5.579440e+01	3.189033e+01	-1.921528e+01	-5.651881e-02	-2.133064e-03	5.530015e-04	-1.659820e-03
50	-2.000000e+00	6.250000e-03	3.125000e-03	model merit increases			-2.321707e+01		-1.242495e+02	-2.336583e+02	7.053154e-02	1.487638e-02	1.069474e-01	3.685933e-01	2.827367e-01	9.119115e-02	1.505315e-01												
51	-2.000000e+00	3.125000e-03	1.562500e-03	model merit increases			-2.324106e+01		-1.218481e+02	-2.339526e+02	7.142603e-02	1.542006e-02	1.039772e-01	3.701968e-01	2.832502e-01	9.114975e-02	1.514260e-01												
52	-2.000000e+00	1.562500e-03	7.812500e-04	model merit increases			-2.325797e+01		-1.202686e+02	-2.341546e+02	7.197381e-02	1.574969e-02	1.024144e-01	3.709840e-01	2.835238e-01	9.110398e-02	1.519738e-01												
53	-2.000000e+00	7.812500e-04	3.906250e-04	model merit increases			-2.327082e+01		-1.192672e+02	-2.343047e+02	7.232079e-02	1.596531e-02	1.016203e-01	3.713138e-01	2.836792e-01	9.106598e-02	1.523208e-01												
54	-2.000000e+00	3.906250e-04	1.953125e-04	model merit increases			-2.327976e+01		-1.186663e+02	-2.344078e+02	7.253308e-02	1.610184e-02	1.012262e-01	3.714334e-01	2.837677e-01	9.103950e-02	1.525331e-01												
55	-2.000000e+00	1.953125e-04	9.765625e-05	model merit increases			-2.328519e+01		-1.183319e+02	-2.344699e+02	7.265317e-02	1.618081e-02	1.010340e-01	3.714733e-01	2.838159e-01	9.102357e-02	1.526532e-01												
56	-2.000000e+00	9.765625e-05	4.882813e-05	model merit increases			-2.328808e+01		-1.181611e+02	-2.345030e+02	7.271509e-02	1.622202e-02	1.009431e-01	3.714864e-01	2.838403e-01	9.101512e-02	1.527151e-01												
57	-2.000000e+00	4.882813e-05	2.441406e-05	model merit increases			-2.328940e+01		-1.180847e+02	-2.345181e+02	7.274294e-02	1.624065e-02	1.009039e-01	3.714907e-01	2.838512e-01	9.101127e-02	1.527429e-01												
58	-2.000000e+00	2.441406e-05	1.220703e-05	model merit increases			-2.328989e+01		-1.180570e+02	-2.345236e+02	7.275305e-02	1.624743e-02	1.008900e-01	3.714920e-01	2.838551e-01	9.100986e-02	1.527531e-01												
59	-2.000000e+00	1.220703e-05	6.103516e-06	model merit increases			-2.329003e+01		-1.180488e+02	-2.345252e+02	7.275603e-02	1.624943e-02	1.008859e-01	3.714924e-01	2.838562e-01	9.100945e-02	1.527560e-01												
60	-2.000000e+00	6.103516e-06	3.051758e-06	model merit increases			-2.329007e+01		-1.180467e+02	-2.345257e+02	7.275681e-02	1.624996e-02	1.008848e-01	3.714925e-01	2.838566e-01	9.100934e-02	1.527568e-01												
61	-2.000000e+00	3.051758e-06	1.525879e-06	model merit increases			-2.329008e+01		-1.180461e+02	-2.345258e+02	7.275701e-02	1.625009e-02	1.008845e-01	3.714925e-01	2.838566e-01	9.100931e-02	1.527570e-01												
62	-2.000000e+00	1.525879e-06	7.629395e-07	model merit increases			-2.329008e+01		-1.180460e+02	-2.345258e+02	7.275706e-02	1.625013e-02	1.008845e-01	3.714925e-01	2.838567e-01	9.100930e-02	1.527571e-01												
63	-2.000000e+00	7.629395e-07	3.814697e-07	model merit increases			-2.329008e+01		-1.180460e+02	-2.345258e+02	7.275708e-02	1.625013e-02	1.008844e-01	3.714925e-01	2.838567e-01	9.100930e-02	1.527571e-01												
64	-2.000000e+00	3.814697e-07	1.907349e-07	model merit increases			-2.329008e+01		-1.180460e+02	-2.345258e+02	7.275708e-02	1.625014e-02	1.008844e-01	3.714925e-01	2.838567e-01	9.100930e-02	1.527571e-01												
65	-2.000000e+00	1.907349e-07	9.536743e-08	model merit increases			-2.329008e+01		-1.180460e+02	-2.345258e+02	7.275708e-02	1.625014e-02	1.008844e-01	3.714925e-01	2.838567e-01	9.100930e-02	1.527571e-01												
66	-2.000000e+00	9.536743e-08	4.768372e-08	model merit increases			-2.329008e+01		-1.180460e+02	-2.345258e+02	7.275708e-02	1.625014e-02	1.008844e-01	3.714925e-01	2.838567e-01	9.100930e-02	1.527571e-01												
67	-2.000000e+00	4.768372e-08	2.384186e-08	model merit increases			-2.329008e+01		-1.180460e+02	-2.345258e+02	7.275708e-02	1.625014e-02	1.008844e-01	3.714925e-01	2.838567e-01	9.100930e-02	1.527571e-01												
68	-2.000000e+00	2.384186e-08	1.192093e-08	model merit increases			-2.329008e+01		-1.180460e+02	-2.345258e+02	7.275708e-02	1.625014e-02	1.008844e-01	3.714925e-01	2.838567e-01	9.100930e-02	1.527571e-01												
69	-2.000000e+00	1.192093e-08	1.000000e-08	trust region too small			-2.329008e+01		-1.180460e+02	-2.345258e+02	7.275708e-02	1.625014e-02	1.008844e-01	3.714925e-01	2.838567e-01	9.100930e-02	1.527571e-01												
70	-2.000000e+00	1.000000e-08	1.000000e-08	trust region too small			-2.329008e+01		-1.180460e+02	-2.345258e+02	7.275708e-02	1.625014e-02	1.008844e-01	3.714925e-01	2.838567e-01	9.100930e-02	1.527571e-01												
71	-2.000000e+00	1.000000e-08	1.000000e-08	trust region too small			-2.329008e+01		-1.180460e+02	-2.345258e+02	7.275708e-02	1.625014e-02	1.008844e-01	3.714925e-01	2.838567e-01	9.100930e-02	1.527571e-01												
72	-2.000000e+00	1.000000e-08	1.000000e-08	trust region too small			-2.329008e+01		-1.180460e+02	-2.345258e+02	7.275708e-02	1.625014e-02	1.008844e-01	3.714925e-01	2.838567e-01	9.100930e-02	1.527571e-01												
73	-2.000000e+00	1.000000e-08	1.000000e-08	trust region too small			-2.329008e+01		-1.180460e+02	-2.345258e+02	7.275708e-02	1.625014e-02	1.008844e-01	3.714925e-01	2.838567e-01	9.100930e-02	1.527571e-01												
74	-2.000000e+00	1.000000e-08	1.000000e-08	trust region too small			-2.329008e+01		-1.180460e+02	-2.345258e+02	7.275708e-02	1.625014e-02	1.008844e-01	3.714925e-01	2.838567e-01	9.100930e-02	1.527571e-01												
75	-2.000000e+00	1.000000e-08	1.000000e-08	trust region too small			-2.329008e+01		-1.180460e+02	-2.345258e+02	7.275708e-02	1.625014e-02	1.008844e-01	3.714925e-01	2.838567e-01	9.100930e-02	1.527571e-01												
76	-2.000000e+00	1.000000e-08	1.000000e-08	trust region too small			-2.329008e+01		-1.180460e+02	-2.345258e+02	7.275708e-02	1.625014e-02	1.008844e-01	3.714925e-01	2.838567e-01	9.100930e-02	1.527571e-01												
77	-2.000000e+00	1.000000e-08	1.000000e-08	trust region too small			-2.329008e+01		-1.180460e+02	-2.345258e+02	7.275708e-02	1.625014e-02	1.008844e-01	3.714925e-01	2.838567e-01	9.100930e-02	1.527571e-01												
78	-2.000000e+00	1.000000e-08	1.000000e-08	trust region too small			-2.329008e+01		-1.180460e+02	-2.345258e+02	7.275708e-02	1.625014e-02	1.008844e-01	3.714925e-01	2.838567e-01	9.100930e-02	1.527571e-01												
79	-2.000000e+00	1.000000e-08	1.000000e-08	trust region too small			-2.329008e+01		-1.180460e+02	-2.345258e+02	7.275708e-02	1.625014e-02	1.008844e-01	3.714925e-01	2.838567e-01	9.100930e-02	1.527571e-01												
80		1.000000e-08					-2.329008e+01		-1.180460e+02	-2.345258e+02	7.275708e-02	1.625014e-02	1.008844e-01	3.714925e-01	2.838567e-01	9.100930e-02	1.527571e-01												
