RTO_iter	merit	base_merit	cost	con	XFr_A	XFr_B	XFr_E	XFr_P	XFr_G
1	-7.752530e+00	-7.752530e+00	-7.752530e+01	-3.276256e-02	1.295174e-01	4.930493e-01	2.141127e-01	9.131054e-02	4.723744e-02
2	-2.093185e+01	-2.093185e+01	-2.093185e+02	-3.054519e-06	1.196276e-01	4.294114e-01	2.514469e-01	9.905782e-02	7.999695e-02
3	-2.038331e+01		-2.077868e+02	1.976853e-03	1.580235e-01	3.884766e-01	2.479656e-01	9.665720e-02	8.197685e-02
4	-2.038331e+01		-2.077868e+02	1.976856e-03	1.580235e-01	3.884765e-01	2.479656e-01	9.665721e-02	8.197686e-02
5	-2.088029e+01		-2.104520e+02	8.245624e-04	1.436529e-01	4.035469e-01	2.495221e-01	9.781952e-02	8.082456e-02
6	-2.102948e+01	-2.102948e+01	-2.107603e+02	2.327242e-04	1.320218e-01	4.160576e-01	2.505149e-01	9.851323e-02	8.023272e-02
7	-2.094736e+01		-2.098348e+02	1.805806e-04	1.204379e-01	4.279554e-01	2.516902e-01	9.911825e-02	8.018058e-02
8	-2.101572e+01		-2.102586e+02	5.070567e-05	1.258908e-01	4.226891e-01	2.509800e-01	9.880643e-02	8.005071e-02
9	-2.103068e+01	-2.103068e+01	-2.103341e+02	1.366249e-05	1.288959e-01	4.197095e-01	2.506245e-01	9.864103e-02	8.001366e-02
10	-2.103044e+01		-2.103265e+02	1.107152e-05	1.318117e-01	4.167774e-01	2.502944e-01	9.847686e-02	8.001107e-02
11	-2.103227e+01	-2.103227e+01	-2.103287e+02	3.008510e-06	1.304066e-01	4.181915e-01	2.504553e-01	9.856000e-02	8.000301e-02
12	-2.103267e+01	-2.103267e+01	-2.103268e+02	6.799826e-08	1.306566e-01	4.180656e-01	2.503532e-01	9.850991e-02	8.000007e-02
13	-2.102710e+01		-2.102937e+02	1.137486e-05	1.277111e-01	4.210308e-01	2.506819e-01	9.867050e-02	8.001137e-02
14	-2.103166e+01		-2.103232e+02	3.277648e-06	1.290872e-01	4.196806e-01	2.505083e-01	9.858640e-02	8.000328e-02
15	-2.103274e+01	-2.103274e+01	-2.103291e+02	8.548569e-07	1.298673e-01	4.188946e-01	2.504215e-01	9.854381e-02	8.000085e-02
16	-2.103287e+01	-2.103287e+01	-2.103299e+02	6.166525e-07	1.305531e-01	4.182123e-01	2.503395e-01	9.850287e-02	8.000062e-02
17	-2.103278e+01		-2.103295e+02	8.588488e-07	1.297624e-01	4.190420e-01	2.504084e-01	9.853727e-02	8.000086e-02
18	-2.103297e+01	-2.103297e+01	-2.103302e+02	2.244798e-07	1.301688e-01	4.186227e-01	2.503689e-01	9.851772e-02	8.000022e-02
19	-2.103303e+01	-2.103303e+01	-2.103304e+02	8.589232e-08	1.304016e-01	4.184068e-01	2.503318e-01	9.849920e-02	8.000009e-02
20	-2.103305e+01	-2.103305e+01	-2.103309e+02	2.002362e-07	1.300409e-01	4.187969e-01	2.503563e-01	9.851142e-02	8.000020e-02
21	-2.103311e+01	-2.103311e+01	-2.103314e+02	1.545760e-07	1.303729e-01	4.184688e-01	2.503154e-01	9.849096e-02	8.000015e-02
22	-2.103311e+01		-2.103315e+02	2.024681e-07	1.300100e-01	4.188609e-01	2.503403e-01	9.850339e-02	8.000020e-02
23	-2.103315e+01	-2.103315e+01	-2.103316e+02	5.886270e-08	1.302068e-01	4.186519e-01	2.503246e-01	9.849560e-02	8.000006e-02
24	-2.103317e+01	-2.103317e+01	-2.103318e+02	3.184274e-08	1.303123e-01	4.185563e-01	2.503064e-01	9.848653e-02	8.000003e-02
25	-2.103320e+01	-2.103320e+01	-2.103321e+02	3.089610e-08	1.302259e-01	4.186617e-01	2.503052e-01	9.848594e-02	8.000003e-02
26	-2.103322e+01	-2.103322e+01	-2.103323e+02	8.099080e-08	1.304536e-01	4.184510e-01	2.502686e-01	9.846760e-02	8.000008e-02
27	-2.103322e+01	-2.103322e+01	-2.103327e+02	2.332810e-07	1.300565e-01	4.188672e-01	2.503035e-01	9.848501e-02	8.000023e-02
28	-2.103325e+01	-2.103325e+01	-2.103329e+02	1.807343e-07	1.304112e-01	4.185119e-01	2.502625e-01	9.846451e-02	8.000018e-02
29	-2.103322e+01		-2.103327e+02	2.336354e-07	1.300136e-01	4.189275e-01	2.502981e-01	9.848232e-02	8.000023e-02
30	-2.103328e+01	-2.103328e+01	-2.103329e+02	7.519786e-08	1.302125e-01	4.187230e-01	2.502783e-01	9.847244e-02	8.000008e-02
31	-2.103329e+01	-2.103329e+01	-2.103330e+02	4.227757e-08	1.303509e-01	4.185910e-01	2.502584e-01	9.846250e-02	8.000004e-02
32	-2.103329e+01	-2.103329e+01	-2.103330e+02	7.245143e-08	1.301554e-01	4.187997e-01	2.502734e-01	9.846999e-02	8.000007e-02
33	-2.103330e+01	-2.103330e+01	-2.103332e+02	5.784615e-08	1.303304e-01	4.186256e-01	2.502524e-01	9.845951e-02	8.000006e-02
34	-2.103330e+01		-2.103331e+02	7.278806e-08	1.301342e-01	4.188348e-01	2.502675e-01	9.846708e-02	8.000007e-02
35	-2.103331e+01	-2.103331e+01	-2.103332e+02	3.136718e-08	1.302327e-01	4.187319e-01	2.502587e-01	9.846266e-02	8.000003e-02
36	-2.103332e+01	-2.103332e+01	-2.103332e+02	2.542348e-08	1.303049e-01	4.186635e-01	2.502480e-01	9.845733e-02	8.000003e-02
37	-2.103332e+01	-2.103332e+01	-2.103333e+02	2.849356e-08	1.302266e-01	4.187517e-01	2.502513e-01	9.845897e-02	8.000003e-02
38	-2.103333e+01	-2.103333e+01	-2.103333e+02	2.743627e-08	1.303086e-01	4.186723e-01	2.502402e-01	9.845343e-02	8.000003e-02
39	-2.103333e+01	-2.103333e+01	-2.103334e+02	3.270886e-08	1.302127e-01	4.187768e-01	2.502462e-01	9.845642e-02	8.000003e-02
40	-2.103333e+01	-2.103333e+01	-2.103334e+02	2.990737e-08	1.303051e-01	4.186855e-01	2.502348e-01	9.845074e-02	8.000003e-02
41	-2.103333e+01		-2.103334e+02	3.395546e-08	1.302045e-01	4.187942e-01	2.502417e-01	9.845417e-02	8.000003e-02
42	-2.103334e+01	-2.103334e+01	-2.103334e+02	2.255449e-08	1.302465e-01	4.187499e-01	2.502382e-01	9.845243e-02	8.000002e-02
43	-2.103334e+01	-2.103334e+01	-2.103334e+02	2.016500e-08	1.302952e-01	4.187033e-01	2.502313e-01	9.844898e-02	8.000002e-02
44	-2.103334e+01	-2.103334e+01	-2.103335e+02	2.124201e-08	1.302454e-01	4.187594e-01	2.502334e-01	9.845002e-02	8.000002e-02
45	-2.103334e+01	-2.103334e+01	-2.103335e+02	2.073286e-08	1.302982e-01	4.187081e-01	2.502263e-01	9.844648e-02	8.000002e-02
46	-2.103334e+01	-2.103334e+01	-2.103335e+02	2.316387e-08	1.302361e-01	4.187756e-01	2.502303e-01	9.844848e-02	8.000002e-02
47	-2.103335e+01	-2.103335e+01	-2.103335e+02	2.172398e-08	1.302954e-01	4.187168e-01	2.502231e-01	9.844486e-02	8.000002e-02
48	-2.103335e+01		-2.103335e+02	2.357471e-08	1.302310e-01	4.187864e-01	2.502275e-01	9.844709e-02	8.000002e-02
49	-2.103335e+01	-2.103335e+01	-2.103335e+02	2.103692e-08	1.302468e-01	4.187699e-01	2.502261e-01	9.844638e-02	8.000002e-02
50	-2.103335e+01	-2.103335e+01	-2.103335e+02	1.996303e-08	1.302926e-01	4.187248e-01	2.502204e-01	9.844351e-02	8.000002e-02
51	-2.103335e+01	-2.103335e+01	-2.103335e+02	2.121177e-08	1.302428e-01	4.187789e-01	2.502236e-01	9.844513e-02	8.000002e-02
52	-2.103335e+01	-2.103335e+01	-2.103335e+02	2.034451e-08	1.302915e-01	4.187304e-01	2.502178e-01	9.844224e-02	8.000002e-02
53	-2.103335e+01		-2.103335e+02	2.162807e-08	1.302388e-01	4.187870e-01	2.502217e-01	9.844416e-02	8.000002e-02
54	-2.103335e+01		-2.103335e+02	2.092211e-08	1.302437e-01	4.187820e-01	2.502212e-01	9.844391e-02	8.000002e-02
55	-2.103335e+01		-2.103335e+02	2.075435e-08	1.302449e-01	4.187806e-01	2.502211e-01	9.844385e-02	8.000002e-02
56	-2.103335e+01		-2.103335e+02	2.071304e-08	1.302452e-01	4.187803e-01	2.502210e-01	9.844384e-02	8.000002e-02
57	-2.103335e+01		-2.103335e+02	2.070235e-08	1.302453e-01	4.187802e-01	2.502210e-01	9.844383e-02	8.000002e-02
58	-2.103335e+01		-2.103335e+02	2.069973e-08	1.302453e-01	4.187802e-01	2.502210e-01	9.844383e-02	8.000002e-02
59	-2.103335e+01		-2.103335e+02	2.069908e-08	1.302453e-01	4.187802e-01	2.502210e-01	9.844383e-02	8.000002e-02
60	-2.103335e+01		-2.103335e+02	2.069892e-08	1.302454e-01	4.187802e-01	2.502210e-01	9.844383e-02	8.000002e-02
61	-2.103335e+01		-2.103335e+02	2.069888e-08	1.302454e-01	4.187802e-01	2.502210e-01	9.844383e-02	8.000002e-02
62	-2.103335e+01		-2.103335e+02	2.069887e-08	1.302454e-01	4.187802e-01	2.502210e-01	9.844383e-02	8.000002e-02
63	-2.103335e+01		-2.103335e+02	2.069887e-08	1.302454e-01	4.187802e-01	2.502210e-01	9.844383e-02	8.000002e-02
64	-2.103335e+01		-2.103335e+02	2.069887e-08	1.302454e-01	4.187802e-01	2.502210e-01	9.844383e-02	8.000002e-02
65	-2.103335e+01		-2.103335e+02	2.069887e-08	1.302454e-01	4.187802e-01	2.502210e-01	9.844383e-02	8.000002e-02
66	-2.103335e+01		-2.103335e+02	2.069887e-08	1.302454e-01	4.187802e-01	2.502210e-01	9.844383e-02	8.000002e-02
67	-2.103335e+01		-2.103335e+02	2.069887e-08	1.302454e-01	4.187802e-01	2.502210e-01	9.844383e-02	8.000002e-02
68	-2.103335e+01		-2.103335e+02	2.069887e-08	1.302454e-01	4.187802e-01	2.502210e-01	9.844383e-02	8.000002e-02
69	-2.103335e+01		-2.103335e+02	2.069887e-08	1.302454e-01	4.187802e-01	2.502210e-01	9.844383e-02	8.000002e-02
70	-2.103335e+01		-2.103335e+02	2.069887e-08	1.302454e-01	4.187802e-01	2.502210e-01	9.844383e-02	8.000002e-02
71	-2.103335e+01		-2.103335e+02	2.069887e-08	1.302454e-01	4.187802e-01	2.502210e-01	9.844383e-02	8.000002e-02
72	-2.103335e+01		-2.103335e+02	2.069887e-08	1.302454e-01	4.187802e-01	2.502210e-01	9.844383e-02	8.000002e-02
73	-2.103335e+01		-2.103335e+02	2.069887e-08	1.302454e-01	4.187802e-01	2.502210e-01	9.844383e-02	8.000002e-02
74	-2.103335e+01		-2.103335e+02	2.069887e-08	1.302454e-01	4.187802e-01	2.502210e-01	9.844383e-02	8.000002e-02
75	-2.103335e+01		-2.103335e+02	2.069887e-08	1.302454e-01	4.187802e-01	2.502210e-01	9.844383e-02	8.000002e-02
76	-2.103335e+01		-2.103335e+02	2.069887e-08	1.302454e-01	4.187802e-01	2.502210e-01	9.844383e-02	8.000002e-02
77	-2.103335e+01		-2.103335e+02	2.069887e-08	1.302454e-01	4.187802e-01	2.502210e-01	9.844383e-02	8.000002e-02
78	-2.103335e+01		-2.103335e+02	2.069887e-08	1.302454e-01	4.187802e-01	2.502210e-01	9.844383e-02	8.000002e-02
79	-2.103335e+01		-2.103335e+02	2.069887e-08	1.302454e-01	4.187802e-01	2.502210e-01	9.844383e-02	8.000002e-02
80	-2.103335e+01		-2.103335e+02	2.069887e-08	1.302454e-01	4.187802e-01	2.502210e-01	9.844383e-02	8.000002e-02
