RTO_iter	rho	tr	tr_adjusted	event	base_cost	base_con	merit	base_merit	cost_unmodified	cost	con_unmodified	con	XFr_A	XFr_B	XFr_E	XFr_P	XFr_G	Ka1	Ka2	Kb1	Kb2	cost_eps	Fa_cost_lam	Fb_cost_lam	Tr_cost_lam	con_eps	Fa_con_lam	Fb_con_lam	Tr_con_lam
0																		2.189000e+08	4.310000e+13	8.077600e+03	1.243800e+04	0.000000e+00	0.000000e+00	0.000000e+00	0.000000e+00	0.000000e+00	0.000000e+00	0.000000e+00	0.000000e+00
1	9.868457e-01	1.000000e-01	2.000000e-01		-7.752530e+01	-3.276256e-02	-1.467015e+01	-7.752530e+00	-1.992171e+02	-1.992171e+02	2.625780e-03	2.625780e-03	1.113367e-01	4.560977e-01	2.516545e-01	9.828534e-02	8.262578e-02	2.189000e+08	4.310000e+13	8.077600e+03	1.243800e+04	1.216918e+02	-3.722328e+01	4.812623e+01	-1.797171e+01	-3.538834e-02	-3.752642e-03	1.690099e-03	-1.715440e-03
2	-5.747588e+00	2.000000e-01	1.000000e-01		-2.093185e+02	-3.054519e-06	-2.110753e+01	-2.093185e+01	-1.723139e+02	-2.110756e+02	4.861452e-02	1.733677e-08	1.005438e-01	3.972200e-01	2.776621e-01	9.595956e-02	1.286145e-01	2.189000e+08	4.310000e+13	8.077600e+03	1.243800e+04	-3.700460e+01	-5.378315e+01	3.822243e+01	-1.770116e+01	-4.861757e-02	-3.250966e-03	1.143992e-03	-1.710960e-03
3	-5.747631e+00	1.000000e-01	5.000000e-02				-2.164639e+01		-1.714033e+02	-2.164643e+02	4.815591e-02	1.802820e-08	1.435387e-01	3.614499e-01	2.730494e-01	9.380607e-02	1.281559e-01												
4	-3.447152e+00	5.000000e-02	2.500000e-02				-2.164639e+01		-1.714033e+02	-2.164643e+02	4.815592e-02	2.049957e-08	1.435387e-01	3.614499e-01	2.730494e-01	9.380607e-02	1.281559e-01												
5	-1.381388e+00	2.500000e-02	1.250000e-02				-2.137737e+01		-1.779991e+02	-2.137740e+02	4.758186e-02	1.619193e-08	1.274997e-01	3.745093e-01	2.752910e-01	9.511819e-02	1.275819e-01												
6	-2.242818e-01	1.250000e-02	6.250000e-03				-2.116442e+01		-1.778082e+02	-2.116447e+02	4.780414e-02	2.224802e-08	1.144243e-01	3.853899e-01	2.766553e-01	9.572628e-02	1.278041e-01												
7	3.839016e-01	6.250000e-03	6.250000e-03				-2.105025e+01		-1.758184e+02	-2.105028e+02	4.812593e-02	1.732227e-08	1.075357e-01	3.912175e-01	2.772197e-01	9.590119e-02	1.281259e-01												
8	4.928356e-01	6.250000e-03	6.250000e-03		-2.098619e+02	1.567319e-05	-2.099175e+01	-2.095485e+01	-1.742635e+02	-2.099178e+02	4.834962e-02	1.901052e-08	1.040431e-01	3.942019e-01	2.774590e-01	9.594632e-02	1.283496e-01	2.189000e+08	4.310000e+13	8.077600e+03	1.243800e+04	-3.559841e+01	-5.230576e+01	3.833781e+01	-1.781850e+01	-4.833394e-02	-2.786083e-03	9.827765e-04	-1.723990e-03
9	3.385478e-01	6.250000e-03	6.250000e-03		-2.101848e+02	1.477533e-05	-2.102400e+01	-2.098893e+01	-1.759588e+02	-2.102403e+02	4.805136e-02	1.618963e-08	1.075674e-01	3.912681e-01	2.771979e-01	9.591517e-02	1.280514e-01	2.189000e+08	4.310000e+13	8.077600e+03	1.243800e+04	-3.422595e+01	-5.084076e+01	3.843235e+01	-1.793385e+01	-4.803659e-02	-2.344512e-03	8.235332e-04	-1.735303e-03
10	1.689218e-01	6.250000e-03	6.250000e-03		-2.103320e+02	1.371689e-05	-2.103867e+01	-2.100577e+01	-1.773355e+02	-2.103871e+02	4.775653e-02	1.712744e-08	1.110815e-01	3.884119e-01	2.768904e-01	9.585968e-02	1.277565e-01	2.189000e+08	4.310000e+13	8.077600e+03	1.243800e+04	-3.299652e+01	-4.940840e+01	3.850008e+01	-1.805126e+01	-4.774281e-02	-1.928802e-03	6.675964e-04	-1.744910e-03
11	-1.562746e-01	6.250000e-03	3.125000e-03		-2.103194e+02	1.045833e-05	-2.103690e+01	-2.101103e+01	-1.781886e+02	-2.103693e+02	4.752959e-02	1.753700e-08	1.142567e-01	3.859027e-01	2.765473e-01	9.576377e-02	1.275296e-01	2.189000e+08	4.310000e+13	8.077600e+03	1.243800e+04	-3.213085e+01	-4.815365e+01	3.854499e+01	-1.819048e+01	-4.751913e-02	-1.576191e-03	5.314062e-04	-1.752754e-03
12	6.583235e-01	3.125000e-03	3.125000e-03				-2.103813e+01		-1.769954e+02	-2.103816e+02	4.784578e-02	1.754128e-08	1.106962e-01	3.887424e-01	2.768873e-01	9.582837e-02	1.278458e-01												
13	8.048465e-01	3.125000e-03	3.125000e-03		-2.103289e+02	3.334186e-06	-2.103411e+01	-2.102622e+01	-1.775957e+02	-2.103415e+02	4.769030e-02	2.088711e-08	1.124558e-01	3.873494e-01	2.767120e-01	9.579255e-02	1.276903e-01	2.189000e+08	4.310000e+13	8.077600e+03	1.243800e+04	-3.273320e+01	-4.887983e+01	3.853054e+01	-1.814585e+01	-4.768697e-02	-1.777020e-03	6.108091e-04	-1.749027e-03
14	-2.050689e+00	3.125000e-03	1.562500e-03		-2.103240e+02	4.919284e-07	-2.103268e+01	-2.103142e+01	-1.775730e+02	-2.103271e+02	4.769742e-02	1.822802e-08	1.131455e-01	3.868273e-01	2.765971e-01	9.573274e-02	1.276974e-01	2.189000e+08	4.310000e+13	8.077600e+03	1.243800e+04	-3.275098e+01	-4.863128e+01	3.854769e+01	-1.822239e+01	-4.769692e-02	-1.704381e-03	5.842631e-04	-1.751470e-03
15	-1.119589e-01	1.562500e-03	7.812500e-04				-2.103402e+01		-1.769491e+02	-2.103406e+02	4.786136e-02	1.754726e-08	1.113599e-01	3.882522e-01	2.767646e-01	9.576186e-02	1.278614e-01												
16	6.341550e-01	7.812500e-04	7.812500e-04				-2.103319e+01		-1.772460e+02	-2.103323e+02	4.778531e-02	1.817746e-08	1.122479e-01	3.875456e-01	2.766775e-01	9.574365e-02	1.277853e-01												
17	2.607501e-01	7.812500e-04	7.812500e-04		-2.103272e+02	2.257598e-07	-2.103275e+01	-2.103226e+01	-1.774066e+02	-2.103279e+02	4.774249e-02	1.731029e-08	1.126978e-01	3.871864e-01	2.766361e-01	9.573722e-02	1.277425e-01	2.189000e+08	4.310000e+13	8.077600e+03	1.243800e+04	-3.292052e+01	-4.881381e+01	3.854338e+01	-1.821373e+01	-4.774226e-02	-1.754648e-03	6.040764e-04	-1.750550e-03
18	7.375678e-01	7.812500e-04	7.812500e-04		-2.103284e+02	2.102803e-07	-2.103286e+01	-2.103242e+01	-1.772294e+02	-2.103290e+02	4.778964e-02	1.976232e-08	1.122718e-01	3.875300e-01	2.766701e-01	9.573851e-02	1.277896e-01	2.189000e+08	4.310000e+13	8.077600e+03	1.243800e+04	-3.309902e+01	-4.898947e+01	3.853932e+01	-1.820852e+01	-4.778943e-02	-1.803011e-03	6.231412e-04	-1.749696e-03
19	-1.928724e-01	7.812500e-04	3.906250e-04		-2.103289e+02	6.733401e-08	-2.103288e+01	-2.103276e+01	-1.772417e+02	-2.103292e+02	4.778740e-02	2.199018e-08	1.124868e-01	3.873637e-01	2.766386e-01	9.572350e-02	1.277874e-01	2.189000e+08	4.310000e+13	8.077600e+03	1.243800e+04	-3.308716e+01	-4.890957e+01	3.854399e+01	-1.822809e+01	-4.778733e-02	-1.779827e-03	6.145550e-04	-1.750398e-03
20	6.064097e-01	3.906250e-04	3.906250e-04				-2.103295e+01		-1.770734e+02	-2.103299e+02	4.783229e-02	1.967850e-08	1.121666e-01	3.876251e-01	2.766579e-01	9.571816e-02	1.278323e-01												
21	9.795734e-01	3.906250e-04	7.812500e-04		-2.103294e+02	4.748116e-08	-2.103291e+01	-2.103285e+01	-1.771563e+02	-2.103294e+02	4.781023e-02	1.964409e-08	1.123248e-01	3.874960e-01	2.766482e-01	9.572071e-02	1.278102e-01	2.189000e+08	4.310000e+13	8.077600e+03	1.243800e+04	-3.317311e+01	-4.897844e+01	3.854297e+01	-1.822996e+01	-4.781018e-02	-1.798519e-03	6.220359e-04	-1.750132e-03
22	9.948998e-01	7.812500e-04	1.562500e-03		-2.103298e+02	1.994072e-08	-2.103294e+01	-2.103294e+01	-1.771340e+02	-2.103298e+02	4.781666e-02	1.900722e-08	1.123669e-01	3.874657e-01	2.766376e-01	9.571323e-02	1.278167e-01	2.189000e+08	4.310000e+13	8.077600e+03	1.243800e+04	-3.319579e+01	-4.896561e+01	3.854465e+01	-1.823917e+01	-4.781664e-02	-1.794375e-03	6.206791e-04	-1.750354e-03
23	6.423023e-01	1.562500e-03	1.562500e-03		-2.103306e+02	2.129170e-08	-2.103302e+01	-2.103302e+01	-1.770803e+02	-2.103306e+02	4.783189e-02	1.958149e-08	1.124233e-01	3.874271e-01	2.766189e-01	9.569883e-02	1.278319e-01	2.189000e+08	4.310000e+13	8.077600e+03	1.243800e+04	-3.325031e+01	-4.895109e+01	3.854762e+01	-1.825666e+01	-4.783187e-02	-1.789196e-03	6.191676e-04	-1.750734e-03
24	-5.342160e+00	1.562500e-03	7.812500e-04		-2.103316e+02	3.682480e-08	-2.103313e+01	-2.103309e+01	-1.769867e+02	-2.103316e+02	4.785849e-02	1.755339e-08	1.125717e-01	3.873212e-01	2.765788e-01	9.566989e-02	1.278585e-01	2.189000e+08	4.310000e+13	8.077600e+03	1.243800e+04	-3.334495e+01	-4.890742e+01	3.855388e+01	-1.829215e+01	-4.785846e-02	-1.774852e-03	6.145702e-04	-1.751564e-03
25	-1.762364e+00	7.812500e-04	3.906250e-04				-2.103340e+01		-1.766814e+02	-2.103344e+02	4.793717e-02	1.754237e-08	1.116854e-01	3.880297e-01	2.766623e-01	9.568542e-02	1.279372e-01												
26	-1.090482e-01	3.906250e-04	1.953125e-04				-2.103327e+01		-1.768174e+02	-2.103331e+02	4.790285e-02	2.038617e-08	1.121230e-01	3.876813e-01	2.766181e-01	9.567477e-02	1.279028e-01												
27	5.343878e-01	1.953125e-04	1.953125e-04				-2.103320e+01		-1.768974e+02	-2.103324e+02	4.788205e-02	1.979797e-08	1.123463e-01	3.875025e-01	2.765977e-01	9.567149e-02	1.278821e-01												
28	4.592338e-01	1.953125e-04	1.953125e-04		-2.103320e+02	3.492171e-08	-2.103317e+01	-2.103313e+01	-1.769378e+02	-2.103321e+02	4.787144e-02	1.924391e-08	1.124507e-01	3.874186e-01	2.765887e-01	9.567054e-02	1.278714e-01	2.189000e+08	4.310000e+13	8.077600e+03	1.243800e+04	-3.339425e+01	-4.895715e+01	3.855267e+01	-1.829033e+01	-4.787141e-02	-1.788520e-03	6.199442e-04	-1.751314e-03
29	9.899977e-01	1.953125e-04	3.906250e-04		-2.103322e+02	3.279595e-08	-2.103319e+01	-2.103316e+01	-1.768880e+02	-2.103323e+02	4.788459e-02	1.961480e-08	1.123398e-01	3.875084e-01	2.765969e-01	9.567027e-02	1.278846e-01	2.189000e+08	4.310000e+13	8.077600e+03	1.243800e+04	-3.344425e+01	-4.900329e+01	3.855168e+01	-1.828965e+01	-4.788456e-02	-1.801145e-03	6.249317e-04	-1.751100e-03
30	7.532308e-01	3.906250e-04	3.906250e-04		-2.103324e+02	2.043356e-08	-2.103320e+01	-2.103320e+01	-1.768565e+02	-2.103323e+02	4.789307e-02	1.961575e-08	1.123089e-01	3.875350e-01	2.765960e-01	9.566700e-02	1.278931e-01	2.189000e+08	4.310000e+13	8.077600e+03	1.243800e+04	-3.347585e+01	-4.901815e+01	3.855195e+01	-1.829325e+01	-4.789305e-02	-1.804948e-03	6.265509e-04	-1.751099e-03
31	-8.559047e-01	3.906250e-04	1.953125e-04		-2.103326e+02	2.199573e-08	-2.103322e+01	-2.103321e+01	-1.768398e+02	-2.103326e+02	4.789798e-02	1.961680e-08	1.123657e-01	3.874927e-01	2.765842e-01	9.565943e-02	1.278980e-01	2.189000e+08	4.310000e+13	8.077600e+03	1.243800e+04	-3.349281e+01	-4.899925e+01	3.855376e+01	-1.830272e+01	-4.789795e-02	-1.799134e-03	6.245385e-04	-1.751353e-03
32	1.720779e-01	1.953125e-04	1.953125e-04				-2.103324e+01		-1.767556e+02	-2.103328e+02	4.792025e-02	1.961489e-08	1.122140e-01	3.876170e-01	2.765926e-01	9.565620e-02	1.279203e-01												
33	8.330643e-01	1.953125e-04	1.953125e-04		-2.103327e+02	2.719864e-08	-2.103323e+01	-2.103322e+01	-1.767937e+02	-2.103327e+02	4.791018e-02	1.960774e-08	1.122814e-01	3.875617e-01	2.765890e-01	9.565775e-02	1.279102e-01	2.189000e+08	4.310000e+13	8.077600e+03	1.243800e+04	-3.353903e+01	-4.903525e+01	3.855324e+01	-1.830393e+01	-4.791016e-02	-1.808865e-03	6.284326e-04	-1.751216e-03
34	9.689849e-01	1.953125e-04	3.906250e-04		-2.103328e+02	2.117386e-08	-2.103324e+01	-2.103324e+01	-1.767906e+02	-2.103328e+02	4.791127e-02	1.961338e-08	1.123267e-01	3.875271e-01	2.765813e-01	9.565358e-02	1.279113e-01	2.189000e+08	4.310000e+13	8.077600e+03	1.243800e+04	-3.354220e+01	-4.901900e+01	3.855438e+01	-1.830929e+01	-4.791125e-02	-1.804061e-03	6.266946e-04	-1.751384e-03
35	1.161936e-01	3.906250e-04	3.906250e-04		-2.103329e+02	2.044513e-08	-2.103325e+01	-2.103325e+01	-1.767590e+02	-2.103329e+02	4.791978e-02	1.961212e-08	1.122956e-01	3.875539e-01	2.765805e-01	9.565031e-02	1.279198e-01	2.189000e+08	4.310000e+13	8.077600e+03	1.243800e+04	-3.357395e+01	-4.903395e+01	3.855464e+01	-1.831287e+01	-4.791976e-02	-1.807885e-03	6.283204e-04	-1.751382e-03
36	-2.451219e+00	3.906250e-04	1.953125e-04		-2.103331e+02	2.580788e-08	-2.103327e+01	-2.103325e+01	-1.767534e+02	-2.103331e+02	4.792175e-02	1.961355e-08	1.123793e-01	3.874898e-01	2.765665e-01	9.564264e-02	1.279217e-01	2.189000e+08	4.310000e+13	8.077600e+03	1.243800e+04	-3.357970e+01	-4.900393e+01	3.855673e+01	-1.832272e+01	-4.792172e-02	-1.799018e-03	6.251097e-04	-1.751692e-03
37	-1.114957e-01	1.953125e-04	9.765625e-05				-2.103329e+01		-1.766634e+02	-2.103333e+02	4.794517e-02	1.961166e-08	1.121539e-01	3.876714e-01	2.765853e-01	9.564427e-02	1.279452e-01												
38	4.911339e-01	9.765625e-05	9.765625e-05				-2.103328e+01		-1.767033e+02	-2.103332e+02	4.793485e-02	1.785127e-08	1.122633e-01	3.875836e-01	2.765755e-01	9.564278e-02	1.279349e-01												
39	1.036041e+00	9.765625e-05	1.953125e-04		-2.103331e+02	2.324714e-08	-2.103328e+01	-2.103327e+01	-1.767215e+02	-2.103331e+02	4.793011e-02	1.760636e-08	1.123073e-01	3.875481e-01	2.765719e-01	9.564257e-02	1.279301e-01	2.189000e+08	4.310000e+13	8.077600e+03	1.243800e+04	-3.361162e+01	-4.903383e+01	3.855606e+01	-1.832214e+01	-4.793008e-02	-1.807203e-03	6.283357e-04	-1.751549e-03
40	8.888513e-01	1.953125e-04	1.953125e-04		-2.103332e+02	1.759008e-08	-2.103328e+01	-2.103328e+01	-1.767039e+02	-2.103332e+02	4.793487e-02	1.760805e-08	1.122952e-01	3.875590e-01	2.765706e-01	9.564034e-02	1.279349e-01	2.189000e+08	4.310000e+13	8.077600e+03	1.243800e+04	-3.362931e+01	-4.904026e+01	3.855632e+01	-1.832467e+01	-4.793485e-02	-1.808778e-03	6.290378e-04	-1.751566e-03
41	-1.256488e-01	1.953125e-04	9.765625e-05		-2.103333e+02	1.976987e-08	-2.103329e+01	-2.103329e+01	-1.766924e+02	-2.103333e+02	4.793815e-02	1.960963e-08	1.123202e-01	3.875407e-01	2.765646e-01	9.563627e-02	1.279381e-01	2.189000e+08	4.310000e+13	8.077600e+03	1.243800e+04	-3.364090e+01	-4.903237e+01	3.855725e+01	-1.832973e+01	-4.793813e-02	-1.806275e-03	6.282020e-04	-1.751692e-03
42	4.796314e-01	9.765625e-05	9.765625e-05				-2.103329e+01		-1.766512e+02	-2.103333e+02	4.794907e-02	1.963598e-08	1.122570e-01	3.875931e-01	2.765670e-01	9.563383e-02	1.279491e-01												
43	7.233211e-01	9.765625e-05	9.765625e-05		-2.103333e+02	1.990904e-08	-2.103329e+01	-2.103329e+01	-1.766646e+02	-2.103333e+02	4.794550e-02	1.760619e-08	1.122737e-01	3.875791e-01	2.765669e-01	9.563493e-02	1.279455e-01	2.189000e+08	4.310000e+13	8.077600e+03	1.243800e+04	-3.366875e+01	-4.905251e+01	3.855703e+01	-1.833089e+01	-4.794548e-02	-1.811681e-03	6.303788e-04	-1.751624e-03
44	7.091742e-01	9.765625e-05	9.765625e-05		-2.103333e+02	1.846961e-08	-2.103330e+01	-2.103330e+01	-1.766650e+02	-2.103333e+02	4.794556e-02	1.761297e-08	1.123081e-01	3.875524e-01	2.765616e-01	9.563227e-02	1.279456e-01	2.189000e+08	4.310000e+13	8.077600e+03	1.243800e+04	-3.366833e+01	-4.903984e+01	3.855780e+01	-1.833435e+01	-4.794554e-02	-1.807987e-03	6.290221e-04	-1.751742e-03
45	6.307335e-01	9.765625e-05	9.765625e-05		-2.103334e+02	1.860305e-08	-2.103330e+01	-2.103330e+01	-1.766412e+02	-2.103334e+02	4.795190e-02	1.761727e-08	1.122765e-01	3.875789e-01	2.765622e-01	9.563047e-02	1.279519e-01	2.189000e+08	4.310000e+13	8.077600e+03	1.243800e+04	-3.369218e+01	-4.905407e+01	3.855780e+01	-1.833619e+01	-4.795188e-02	-1.811733e-03	6.305623e-04	-1.751712e-03
46	-1.382445e-01	9.765625e-05	4.882813e-05		-2.103334e+02	1.833242e-08	-2.103331e+01	-2.103330e+01	-1.766407e+02	-2.103334e+02	4.795220e-02	1.761837e-08	1.123089e-01	3.875540e-01	2.765571e-01	9.562782e-02	1.279522e-01	2.189000e+08	4.310000e+13	8.077600e+03	1.243800e+04	-3.369272e+01	-4.904229e+01	3.855856e+01	-1.833964e+01	-4.795218e-02	-1.808283e-03	6.293021e-04	-1.751826e-03
47	1.439337e-01	4.882813e-05	4.882813e-05				-2.103331e+01		-1.766122e+02	-2.103334e+02	4.795972e-02	1.762194e-08	1.122595e-01	3.875946e-01	2.765596e-01	9.562658e-02	1.279597e-01												
48	6.183981e-01	4.882813e-05	4.882813e-05		-2.103334e+02	1.934875e-08	-2.103331e+01	-2.103330e+01	-1.766178e+02	-2.103334e+02	4.795824e-02	1.760778e-08	1.122686e-01	3.875871e-01	2.765592e-01	9.562687e-02	1.279582e-01	2.189000e+08	4.310000e+13	8.077600e+03	1.243800e+04	-3.371565e+01	-4.905958e+01	3.855833e+01	-1.834039e+01	-4.795822e-02	-1.812940e-03	6.311692e-04	-1.751763e-03
49	3.609041e-01	4.882813e-05	4.882813e-05		-2.103334e+02	1.844090e-08	-2.103331e+01	-2.103331e+01	-1.766207e+02	-2.103335e+02	4.795762e-02	1.762128e-08	1.123016e-01	3.875614e-01	2.765546e-01	9.562477e-02	1.279576e-01	2.189000e+08	4.310000e+13	8.077600e+03	1.243800e+04	-3.371278e+01	-4.904717e+01	3.855901e+01	-1.834318e+01	-4.795760e-02	-1.809363e-03	6.298385e-04	-1.751868e-03
50	4.145523e-01	4.882813e-05	4.882813e-05		-2.103335e+02	1.886224e-08	-2.103331e+01	-2.103331e+01	-1.765992e+02	-2.103335e+02	4.796331e-02	1.762373e-08	1.122673e-01	3.875897e-01	2.765561e-01	9.562361e-02	1.279633e-01	2.189000e+08	4.310000e+13	8.077600e+03	1.243800e+04	-3.373429e+01	-4.906213e+01	3.855887e+01	-1.834423e+01	-4.796329e-02	-1.813363e-03	6.314549e-04	-1.751820e-03
51	-5.671772e-01	4.882813e-05	2.441406e-05		-2.103335e+02	1.863700e-08	-2.103331e+01	-2.103331e+01	-1.766034e+02	-2.103335e+02	4.796234e-02	1.762436e-08	1.123031e-01	3.875617e-01	2.765513e-01	9.562153e-02	1.279623e-01	2.189000e+08	4.310000e+13	8.077600e+03	1.243800e+04	-3.373010e+01	-4.904855e+01	3.855957e+01	-1.834703e+01	-4.796232e-02	-1.809469e-03	6.299989e-04	-1.751931e-03
52	-3.350984e-01	2.441406e-05	1.220703e-05				-2.103331e+01		-1.765785e+02	-2.103335e+02	4.796887e-02	1.762603e-08	1.122523e-01	3.876031e-01	2.765547e-01	9.562107e-02	1.279689e-01												
53	-2.820119e-01	1.220703e-05	6.103516e-06				-2.103331e+01		-1.765804e+02	-2.103335e+02	4.796836e-02	1.760842e-08	1.122566e-01	3.875995e-01	2.765544e-01	9.562107e-02	1.279684e-01												
54	-2.688998e-01	6.103516e-06	3.051758e-06				-2.103331e+01		-1.765809e+02	-2.103335e+02	4.796823e-02	1.760936e-08	1.122578e-01	3.875986e-01	2.765543e-01	9.562107e-02	1.279682e-01												
55	-2.655236e-01	3.051758e-06	1.525879e-06				-2.103331e+01		-1.765811e+02	-2.103335e+02	4.796819e-02	1.760961e-08	1.122580e-01	3.875984e-01	2.765543e-01	9.562107e-02	1.279682e-01												
56	-2.646949e-01	1.525879e-06	7.629395e-07				-2.103331e+01		-1.765811e+02	-2.103335e+02	4.796819e-02	1.760968e-08	1.122581e-01	3.875983e-01	2.765543e-01	9.562107e-02	1.279682e-01												
57	-2.644888e-01	7.629395e-07	3.814697e-07				-2.103331e+01		-1.765811e+02	-2.103335e+02	4.796818e-02	1.760969e-08	1.122581e-01	3.875983e-01	2.765543e-01	9.562107e-02	1.279682e-01												
58	-2.644374e-01	3.814697e-07	1.907349e-07				-2.103331e+01		-1.765811e+02	-2.103335e+02	4.796818e-02	1.760970e-08	1.122581e-01	3.875983e-01	2.765543e-01	9.562107e-02	1.279682e-01												
59	-2.644248e-01	1.907349e-07	9.536743e-08				-2.103331e+01		-1.765811e+02	-2.103335e+02	4.796818e-02	1.760970e-08	1.122581e-01	3.875983e-01	2.765543e-01	9.562107e-02	1.279682e-01												
60	-2.644213e-01	9.536743e-08	4.768372e-08				-2.103331e+01		-1.765811e+02	-2.103335e+02	4.796818e-02	1.760970e-08	1.122581e-01	3.875983e-01	2.765543e-01	9.562107e-02	1.279682e-01												
61	-2.644205e-01	4.768372e-08	2.384186e-08				-2.103331e+01		-1.765811e+02	-2.103335e+02	4.796818e-02	1.760970e-08	1.122581e-01	3.875983e-01	2.765543e-01	9.562107e-02	1.279682e-01												
62	-2.643396e-01	2.384186e-08	1.192093e-08				-2.103331e+01		-1.765811e+02	-2.103335e+02	4.796818e-02	1.760970e-08	1.122581e-01	3.875983e-01	2.765543e-01	9.562107e-02	1.279682e-01												
63	-2.643194e-01	1.192093e-08	1.000000e-08	trust region too small			-2.103331e+01		-1.765811e+02	-2.103335e+02	4.796818e-02	1.760970e-08	1.122581e-01	3.875983e-01	2.765543e-01	9.562107e-02	1.279682e-01												
64	-2.643174e-01	1.000000e-08	1.000000e-08	trust region too small			-2.103331e+01		-1.765811e+02	-2.103335e+02	4.796818e-02	1.760970e-08	1.122581e-01	3.875983e-01	2.765543e-01	9.562107e-02	1.279682e-01												
65	-2.643174e-01	1.000000e-08	1.000000e-08	trust region too small			-2.103331e+01		-1.765811e+02	-2.103335e+02	4.796818e-02	1.760970e-08	1.122581e-01	3.875983e-01	2.765543e-01	9.562107e-02	1.279682e-01												
66	-2.643174e-01	1.000000e-08	1.000000e-08	trust region too small			-2.103331e+01		-1.765811e+02	-2.103335e+02	4.796818e-02	1.760970e-08	1.122581e-01	3.875983e-01	2.765543e-01	9.562107e-02	1.279682e-01												
67	-2.643175e-01	1.000000e-08	1.000000e-08	trust region too small			-2.103331e+01		-1.765811e+02	-2.103335e+02	4.796818e-02	1.760970e-08	1.122581e-01	3.875983e-01	2.765543e-01	9.562107e-02	1.279682e-01												
68	-2.643174e-01	1.000000e-08	1.000000e-08	trust region too small			-2.103331e+01		-1.765811e+02	-2.103335e+02	4.796818e-02	1.760970e-08	1.122581e-01	3.875983e-01	2.765543e-01	9.562107e-02	1.279682e-01												
69	-2.643175e-01	1.000000e-08	1.000000e-08	trust region too small			-2.103331e+01		-1.765811e+02	-2.103335e+02	4.796818e-02	1.760970e-08	1.122581e-01	3.875983e-01	2.765543e-01	9.562107e-02	1.279682e-01												
70	-2.643174e-01	1.000000e-08	1.000000e-08	trust region too small			-2.103331e+01		-1.765811e+02	-2.103335e+02	4.796818e-02	1.760970e-08	1.122581e-01	3.875983e-01	2.765543e-01	9.562107e-02	1.279682e-01												
71	-2.643174e-01	1.000000e-08	1.000000e-08	trust region too small			-2.103331e+01		-1.765811e+02	-2.103335e+02	4.796818e-02	1.760970e-08	1.122581e-01	3.875983e-01	2.765543e-01	9.562107e-02	1.279682e-01												
72	-2.643174e-01	1.000000e-08	1.000000e-08	trust region too small			-2.103331e+01		-1.765811e+02	-2.103335e+02	4.796818e-02	1.760970e-08	1.122581e-01	3.875983e-01	2.765543e-01	9.562107e-02	1.279682e-01												
73	-2.643175e-01	1.000000e-08	1.000000e-08	trust region too small			-2.103331e+01		-1.765811e+02	-2.103335e+02	4.796818e-02	1.760970e-08	1.122581e-01	3.875983e-01	2.765543e-01	9.562107e-02	1.279682e-01												
74	-2.643175e-01	1.000000e-08	1.000000e-08	trust region too small			-2.103331e+01		-1.765811e+02	-2.103335e+02	4.796818e-02	1.760970e-08	1.122581e-01	3.875983e-01	2.765543e-01	9.562107e-02	1.279682e-01												
75	-2.643175e-01	1.000000e-08	1.000000e-08	trust region too small			-2.103331e+01		-1.765811e+02	-2.103335e+02	4.796818e-02	1.760970e-08	1.122581e-01	3.875983e-01	2.765543e-01	9.562107e-02	1.279682e-01												
76	-2.643174e-01	1.000000e-08	1.000000e-08	trust region too small			-2.103331e+01		-1.765811e+02	-2.103335e+02	4.796818e-02	1.760970e-08	1.122581e-01	3.875983e-01	2.765543e-01	9.562107e-02	1.279682e-01												
77	-2.643174e-01	1.000000e-08	1.000000e-08	trust region too small			-2.103331e+01		-1.765811e+02	-2.103335e+02	4.796818e-02	1.760970e-08	1.122581e-01	3.875983e-01	2.765543e-01	9.562107e-02	1.279682e-01												
78	-2.643174e-01	1.000000e-08	1.000000e-08	trust region too small			-2.103331e+01		-1.765811e+02	-2.103335e+02	4.796818e-02	1.760970e-08	1.122581e-01	3.875983e-01	2.765543e-01	9.562107e-02	1.279682e-01												
79	-2.643174e-01	1.000000e-08	1.000000e-08	trust region too small			-2.103331e+01		-1.765811e+02	-2.103335e+02	4.796818e-02	1.760970e-08	1.122581e-01	3.875983e-01	2.765543e-01	9.562107e-02	1.279682e-01												
80		1.000000e-08					-2.103331e+01		-1.765811e+02	-2.103335e+02	4.796818e-02	1.760970e-08	1.122581e-01	3.875983e-01	2.765543e-01	9.562107e-02	1.279682e-01												
