F	0.039999999546420195

P
t
0	0.0
200	-0.005315582637538059
192.898979	-0.005316334867306445
3.101021	0.00025393736124349793
132.898979	-0.0053428708620903076
72.898979	-0.0053587155999977815
12.898979	0.0006875079922280855
140.0	-0.005336049476043623
143.101021	-0.005333562918797337
80.0	-0.005411164361874878
83.101021	-0.005417539835255236
20.0	0.0009287587268989041
23.101021	0.0011933050575616067
152.898979	-0.005327315230586798
92.898979	-0.005414502064067886
32.898979	0.0018300220140706656
160.0	-0.0053240208751655594
163.101021	-0.005322834729653051
100.0	-0.005400523839755335
103.101021	-0.005393492601715934
40.0	0.004611381778541574
43.101021	0.0006303984885551994
172.898979	-0.005319868781224158
112.898979	-0.005372948585984127
52.898979	-0.00448797724562377
180.0	-0.005318310144765622
183.101021	-0.005317748306577646
120.0	-0.0053602668019902995
123.101021	-0.005355410019569282
60.0	-0.004949723565688461
63.101021	-0.005103124830258424

S
t
0	0.10000010404308173
200	-86106719.92478769
192.898979	-42422668.24538648
3.101021	0.7582024530675266
132.898979	-110887.47053358154
72.898979	-270.0087486865452
12.898979	2.6806804371093613
140.0	-225116.28676232722
143.101021	-322818.56307910074
80.0	-566.6930382523972
83.101021	-821.2663094024394
20.0	3.7037467006149734
23.101021	4.022769301304618
152.898979	-805149.1732760197
92.898979	-2079.5018245477413
32.898979	3.695774169657592
160.0	-1634320.90226928
163.101021	-2343507.8470391883
100.0	-4245.294088003351
103.101021	-6098.6275765361825
40.0	1.9229588374252151
43.101021	-2.9257520622587516
172.898979	-5844577.500525913
112.898979	-15249.49666673621
52.898979	-25.271337369035273
180.0	-11863127.862232883
183.101021	-17010649.96214731
120.0	-30983.896479928404
123.101021	-44442.87015896533
60.0	-64.56527657119432
63.101021	-98.93332864349182

S0	0.10000010404308173

V
t
0	100.0
200	95.8140259632615
192.898979	95.9538970559512
3.101021	99.93103787675365
132.898979	97.16075216024227
72.898979	98.41354319335835
12.898979	99.71401859183467
140.0	97.01555722334324
143.101021	96.9523515910708
80.0	98.26282177340146
83.101021	98.19721037641453
20.0	99.55756033702916
23.101021	99.48945160589552
152.898979	96.75344760620345
92.898979	97.99073560756541
32.898979	99.27511789005905
160.0	96.61004942683044
163.101021	96.5476259512771
100.0	97.84187933422743
103.101021	97.77707986480387
40.0	99.12059577402553
43.101021	99.05332987445244
172.898979	96.35118336237433
112.898979	97.57316017881637
52.898979	98.84164849433257
180.0	96.20955970602195
183.101021	96.14790870815892
120.0	97.42614597129092
123.101021	97.36214838199386
60.0	98.68903855775139
63.101021	98.62260505987138

X
t
0	0.1
200	36412733.05971666
192.898979	17939670.62738391
3.101021	0.13634202444835908
132.898979	46906.4175993647
72.898979	121.98679010470701
12.898979	0.32036687162355443
140.0	95212.17570105506
143.101021	136528.75613736446
80.0	248.21903071192284
83.101021	356.21044772718193
20.0	0.6120929207102832
23.101021	0.7926347588278138
152.898979	340497.2948890834
92.898979	889.3640694708823
32.898979	1.931807267499187
160.0	691137.3034056183
163.101021	991037.8235338051
100.0	1806.0141384242147
103.101021	2590.0926804347955
40.0	3.3899281397191685
43.101021	5.80463026612925
172.898979	2471567.278526045
112.898979	6460.891009835173
52.898979	16.339634545723143
180.0	5016685.774164032
183.101021	7193464.371200724
120.0	13115.430724247373
123.101021	18807.294549660903
60.0	33.71767862439512
63.101021	48.584810116689574

dPdt
t
0	None
200	9.339369161835046e-08
192.898979	1.1996991620493136e-07
3.101021	6.933117129687143e-05
132.898979	1.0831845033249996e-06
72.898979	-1.2787508788368949e-05
12.898979	3.0257617563219562e-05
140.0	8.464236868986615e-07
143.101021	7.586552920192336e-07
80.0	-3.7649382590926545e-06
83.101021	-1.3575664296928478e-06
20.0	4.351383893530987e-05
23.101021	4.8659786645830475e-05
152.898979	5.284059756093244e-07
92.898979	1.5682833767068777e-06
32.898979	0.0001816689253938399
160.0	4.0562365931611586e-07
163.101021	3.6140285407040244e-07
100.0	2.153657393307803e-06
103.101021	2.2342231828942315e-06
40.0	0.000654414394815603
43.101021	-0.001052170296990897
172.898979	2.500740126804934e-07
112.898979	1.9345063023787877e-06
52.898979	-0.0001460271494246119
180.0	1.9209592672815473e-07
183.101021	1.7139978204287786e-07
120.0	1.62428740930906e-06
123.101021	1.4922899720323748e-06
60.0	-6.460470560569458e-05
63.101021	-4.2774084286880786e-05

dSdt
t
0	None
200	-8476014.47439025
192.898979	-4175952.640498415
3.101021	0.21119489035027578
132.898979	-10919.294611582984
72.898979	-28.274548836701577
12.898979	0.17238904985775783
140.0	-22164.25457317192
143.101021	-31782.19078383766
80.0	-57.668365992547265
83.101021	-82.81204338836832
20.0	0.11111383468684283
23.101021	0.07351732351245967
152.898979	-79262.89093683893
92.898979	-206.9414306277437
32.898979	-0.15099616373864558
160.0	-160885.87809418782
163.101021	-230697.37207212148
100.0	-420.3431611182794
103.101021	-602.8767772479064
40.0	-0.3539533064961286
43.101021	-1.5279902724234231
172.898979	-575335.4461638058
112.898979	-1503.9844938463114
52.898979	-3.6904160082939677
180.0	-1167785.0021748825
183.101021	-1674491.3643181361
120.0	-3053.112464751769
123.101021	-4378.128140909406
60.0	-7.721870896122921
63.101021	-11.180797286267424

dVdt
t
0	None
200	-0.019653813018306408
192.898979	-0.019740896760615023
3.101021	-0.02221706463564662
132.898979	-0.02049228474854664
72.898979	-0.02127227244576471
12.898979	-0.022081948428856076
140.0	-0.020401886380833296
143.101021	-0.020362534554180477
80.0	-0.021178433289699546
83.101021	-0.021137583633935492
20.0	-0.021984537519414156
23.101021	-0.021942133023410356
152.898979	-0.020238696933202068
92.898979	-0.021009032442850017
32.898979	-0.021808688851930574
160.0	-0.02014941722672443
163.101021	-0.020110552370844925
100.0	-0.0209163545270698
103.101021	-0.020876010377406697
40.0	-0.021712483382488094
43.101021	-0.02167060363341389
172.898979	-0.019988247214994065
112.898979	-0.02074904998091087
52.898979	-0.02153881080615126
180.0	-0.01990007232654907
183.101021	-0.019861688415279546
120.0	-0.020657518935305538
123.101021	-0.020617674036209184
60.0	-0.021443795859635816
63.101021	-0.02140243436385572

dXdt
t
0	None
200	3584327.382428247
192.898979	1765922.1737622046
3.101021	0.012244324807898352
132.898979	4617.652160828743
72.898979	12.064988549616599
12.898979	0.02902564396009014
140.0	9372.908550315147
143.101021	13440.130645266987
80.0	24.495539595834995
83.101021	35.12850921179301
20.0	0.05508552196425746
23.101021	0.07100382008523337
152.898979	33518.715463421286
92.898979	87.62102097607504
32.898979	0.16522896816057214
160.0	68035.3511418828
163.101021	97557.1557917631
100.0	177.86471043417603
103.101021	255.054585574426
40.0	0.24739381214008535
43.101021	0.7615540527739771
172.898979	243297.30950599484
112.898979	636.1148464944936
52.898979	1.6682579561139403
180.0	493831.6977415918
183.101021	708107.1022984043
120.0	1291.2089352182495
123.101021	1851.5303190653449
60.0	3.372999204809337
63.101021	4.835787851336684

