RTO_iter	rho	tr	cost_unmodified	cost	con_unmodified	con	XFr_A	XFr_B	XFr_E	XFr_P	XFr_G	Ka1	Ka2	Kb1	Kb2	cost_eps	Fa_cost_lam	Fb_cost_lam	Tr_cost_lam	con_eps	Fa_con_lam	Fb_con_lam	Tr_con_lam
0												2.189000e+08	4.310000e+13	8.077600e+03	1.243800e+04	0.000000e+00	0.000000e+00	0.000000e+00	0.000000e+00	0.000000e+00	0.000000e+00	0.000000e+00	0.000000e+00
1	9.708017e-01	2.000000e-01	-1.992171e+02	-1.992171e+02	3.669243e+01	3.669243e+01	1.113367e-01	4.560977e-01	2.516545e-01	9.828534e-02	8.262578e-02	2.189000e+08	4.310000e+13	8.077600e+03	1.243800e+04	1.216918e+02	-3.721747e+01	4.812895e+01	-1.797295e+01	-3.672519e+01	-3.977829e-02	-9.835753e-02	-8.517655e-01
2	8.891587e-01	4.000000e-01	-2.030424e+02	-1.790583e+02	3.709210e+01	3.669413e-07	1.513540e-01	3.784667e-01	2.660898e-01	9.752253e-02	1.065670e-01	2.189000e+08	4.310000e+13	8.077600e+03	1.243800e+04	2.694865e+01	-3.337718e+01	4.259564e+01	-1.717474e+01	-3.710368e+01	-3.909581e-02	-8.551617e-02	-8.576355e-01
3	9.131782e-01	4.000000e-01	-1.991660e+02	-1.974780e+02	3.749366e+01	3.707011e-07	1.388233e-01	3.749700e-01	2.734687e-01	9.873257e-02	1.140054e-01	2.189000e+08	4.310000e+13	8.077600e+03	1.243800e+04	4.058270e+00	-3.699918e+01	3.976110e+01	-1.533069e+01	-3.749871e+01	-3.471964e-02	-7.840240e-02	-8.630731e-01
4	9.463282e-01	8.000000e-01	-1.953932e+02	-2.027062e+02	3.779185e+01	3.746364e-07	1.320309e-01	3.733366e-01	2.772370e-01	9.922999e-02	1.181655e-01	2.189000e+08	4.310000e+13	8.077600e+03	1.243800e+04	-6.653276e+00	-3.904865e+01	3.823577e+01	-1.446376e+01	-3.779332e+01	-3.275194e-02	-7.509558e-02	-8.668386e-01
5	9.893499e-01	1.000000e+00	-1.939199e+02	-2.042034e+02	3.800215e+01	3.775925e-07	1.279869e-01	3.742955e-01	2.786201e-01	9.941626e-02	1.196813e-01	2.189000e+08	4.310000e+13	8.077600e+03	1.243800e+04	-1.016767e+01	-4.040310e+01	3.781574e+01	-1.420317e+01	-3.800252e+01	-3.217988e-02	-7.417385e-02	-8.693463e-01
6	1.028904e+00	1.000000e+00	-1.934064e+02	-2.047541e+02	3.816210e+01	3.796975e-07	1.259470e-01	3.754380e-01	2.789820e-01	9.942002e-02	1.202129e-01	2.189000e+08	4.310000e+13	8.077600e+03	1.243800e+04	-1.134064e+01	-4.117059e+01	3.777407e+01	-1.420641e+01	-3.816226e+01	-3.219711e-02	-7.426695e-02	-8.711740e-01
7	1.041796e+00	1.000000e+00	-1.930958e+02	-2.051233e+02	3.829937e+01	3.813021e-07	1.249863e-01	3.761259e-01	2.790240e-01	9.933608e-02	1.205277e-01	2.189000e+08	4.310000e+13	8.077600e+03	1.243800e+04	-1.203835e+01	-4.159059e+01	3.779935e+01	-1.429867e+01	-3.829949e+01	-3.240176e-02	-7.469102e-02	-8.727063e-01
8	1.044808e+00	1.000000e+00	-1.928173e+02	-2.054492e+02	3.842605e+01	3.826781e-07	1.244193e-01	3.765788e-01	2.789811e-01	9.922537e-02	1.207955e-01	2.189000e+08	4.310000e+13	8.077600e+03	1.243800e+04	-1.264506e+01	-4.187766e+01	3.783191e+01	-1.441395e+01	-3.842616e+01	-3.265168e-02	-7.519729e-02	-8.741064e-01
9	1.045634e+00	1.000000e+00	-1.925418e+02	-2.057503e+02	3.854622e+01	3.839474e-07	1.239783e-01	3.769480e-01	2.789180e-01	9.911066e-02	1.210450e-01	2.189000e+08	4.310000e+13	8.077600e+03	1.243800e+04	-1.322138e+01	-4.211919e+01	3.786390e+01	-1.453214e+01	-3.854631e+01	-3.290570e-02	-7.571210e-02	-8.754285e-01
10	1.045953e+00	1.000000e+00	-1.922647e+02	-2.060303e+02	3.866119e+01	3.851509e-07	1.235835e-01	3.772848e-01	2.788514e-01	9.899838e-02	1.212820e-01	2.189000e+08	4.310000e+13	8.077600e+03	1.243800e+04	-1.377785e+01	-4.234179e+01	3.789438e+01	-1.464788e+01	-3.866128e+01	-3.315322e-02	-7.621617e-02	-8.766902e-01
11	1.046155e+00	1.000000e+00	-1.919855e+02	-2.062912e+02	3.877153e+01	3.863023e-07	1.232124e-01	3.776041e-01	2.787854e-01	9.889005e-02	1.215080e-01	2.189000e+08	4.310000e+13	8.077600e+03	1.243800e+04	-1.431716e+01	-4.255309e+01	3.792328e+01	-1.475990e+01	-3.877160e+01	-3.339187e-02	-7.670497e-02	-8.778984e-01
12	1.046341e+00	1.000000e+00	-1.917049e+02	-2.065346e+02	3.887756e+01	3.874073e-07	1.228583e-01	3.779104e-01	2.787212e-01	9.878588e-02	1.217242e-01	2.189000e+08	4.310000e+13	8.077600e+03	1.243800e+04	-1.484045e+01	-4.275552e+01	3.795068e+01	-1.486803e+01	-3.887763e+01	-3.362141e-02	-7.717788e-02	-8.790574e-01
13	1.046539e+00	1.000000e+00	-1.914234e+02	-2.067618e+02	3.897955e+01	3.884691e-07	1.225188e-01	3.782054e-01	2.786589e-01	9.868578e-02	1.219311e-01	2.189000e+08	4.310000e+13	8.077600e+03	1.243800e+04	-1.534848e+01	-4.295006e+01	3.797666e+01	-1.497234e+01	-3.897961e+01	-3.384214e-02	-7.763523e-02	-8.801701e-01
14	1.046758e+00	1.000000e+00	-1.911417e+02	-2.069742e+02	3.907771e+01	3.894903e-07	1.221927e-01	3.784898e-01	2.785986e-01	9.858955e-02	1.221293e-01	2.189000e+08	4.310000e+13	8.077600e+03	1.243800e+04	-1.584188e+01	-4.313727e+01	3.800130e+01	-1.507299e+01	-3.907778e+01	-3.405448e-02	-7.807761e-02	-8.812394e-01
15	1.047001e+00	1.000000e+00	-1.908604e+02	-2.071728e+02	3.917226e+01	3.904732e-07	1.218789e-01	3.787644e-01	2.785402e-01	9.849698e-02	1.223194e-01	2.189000e+08	4.310000e+13	8.077600e+03	1.243800e+04	-1.632122e+01	-4.331758e+01	3.802471e+01	-1.517016e+01	-3.917232e+01	-3.425887e-02	-7.850565e-02	-8.822676e-01
16	1.047266e+00	1.000000e+00	-1.905799e+02	-2.073586e+02	3.926338e+01	3.914199e-07	1.215770e-01	3.790295e-01	2.784837e-01	9.840788e-02	1.225019e-01	2.189000e+08	4.310000e+13	8.077600e+03	1.243800e+04	-1.678702e+01	-4.349136e+01	3.804695e+01	-1.526400e+01	-3.926344e+01	-3.445572e-02	-7.891997e-02	-8.832569e-01
17	1.047555e+00	1.000000e+00	-1.903007e+02	-2.075326e+02	3.935125e+01	3.923322e-07	1.212863e-01	3.792856e-01	2.784289e-01	9.832207e-02	1.226771e-01	2.189000e+08	4.310000e+13	8.077600e+03	1.243800e+04	-1.723977e+01	-4.365892e+01	3.806810e+01	-1.535467e+01	-3.935130e+01	-3.464540e-02	-7.932114e-02	-8.842094e-01
18	1.047867e+00	1.000000e+00	-1.900232e+02	-2.076957e+02	3.943602e+01	3.932118e-07	1.210061e-01	3.795331e-01	2.783758e-01	9.823939e-02	1.228456e-01	2.189000e+08	4.310000e+13	8.077600e+03	1.243800e+04	-1.767996e+01	-4.382057e+01	3.808823e+01	-1.544230e+01	-3.943606e+01	-3.482828e-02	-7.970972e-02	-8.851271e-01
19	1.048202e+00	1.000000e+00	-1.897476e+02	-2.078487e+02	3.951784e+01	3.940604e-07	1.207360e-01	3.797724e-01	2.783244e-01	9.815967e-02	1.230076e-01	2.189000e+08	4.310000e+13	8.077600e+03	1.243800e+04	-1.810801e+01	-4.397659e+01	3.810740e+01	-1.552704e+01	-3.951788e+01	-3.500469e-02	-8.008622e-02	-8.860116e-01
20	1.048561e+00	1.000000e+00	-1.894743e+02	-2.079921e+02	3.959685e+01	3.948795e-07	1.204756e-01	3.800037e-01	2.782745e-01	9.808277e-02	1.231634e-01	2.189000e+08	4.310000e+13	8.077600e+03	1.243800e+04	-1.852435e+01	-4.412725e+01	3.812566e+01	-1.560902e+01	-3.959689e+01	-3.517495e-02	-8.045112e-02	-8.868646e-01
21	1.048944e+00	1.000000e+00	-1.892036e+02	-2.081268e+02	3.967319e+01	3.956705e-07	1.202242e-01	3.802276e-01	2.782261e-01	9.800855e-02	1.233136e-01	2.189000e+08	4.310000e+13	8.077600e+03	1.243800e+04	-1.892938e+01	-4.427279e+01	3.814308e+01	-1.568834e+01	-3.967323e+01	-3.533934e-02	-8.080490e-02	-8.876876e-01
22	1.049348e+00	1.000000e+00	-1.889357e+02	-2.082533e+02	3.974698e+01	3.964347e-07	1.199815e-01	3.804442e-01	2.781792e-01	9.793690e-02	1.234582e-01	2.189000e+08	4.310000e+13	8.077600e+03	1.243800e+04	-1.932348e+01	-4.441344e+01	3.815970e+01	-1.576514e+01	-3.974701e+01	-3.549813e-02	-8.114799e-02	-8.884822e-01
23	1.049775e+00	1.000000e+00	-1.886706e+02	-2.083721e+02	3.981833e+01	3.971733e-07	1.197472e-01	3.806538e-01	2.781337e-01	9.786768e-02	1.235976e-01	2.189000e+08	4.310000e+13	8.077600e+03	1.243800e+04	-1.970701e+01	-4.454943e+01	3.817556e+01	-1.583950e+01	-3.981836e+01	-3.565159e-02	-8.148080e-02	-8.892495e-01
24	1.050225e+00	1.000000e+00	-1.884088e+02	-2.084838e+02	3.988734e+01	3.978874e-07	1.195207e-01	3.808569e-01	2.780896e-01	9.780078e-02	1.237320e-01	2.189000e+08	4.310000e+13	8.077600e+03	1.243800e+04	-2.008032e+01	-4.468095e+01	3.819071e+01	-1.591154e+01	-3.988737e+01	-3.579995e-02	-8.180373e-02	-8.899908e-01
25	1.050699e+00	1.000000e+00	-1.881501e+02	-2.085888e+02	3.995413e+01	3.985782e-07	1.193019e-01	3.810535e-01	2.780467e-01	9.773611e-02	1.238617e-01	2.189000e+08	4.310000e+13	8.077600e+03	1.243800e+04	-2.044373e+01	-4.480819e+01	3.820520e+01	-1.598134e+01	-3.995415e+01	-3.594343e-02	-8.211714e-02	-8.907074e-01
26	1.051196e+00	1.000000e+00	-1.878949e+02	-2.086877e+02	4.001878e+01	3.992466e-07	1.190903e-01	3.812440e-01	2.780051e-01	9.767357e-02	1.239870e-01	2.189000e+08	4.310000e+13	8.077600e+03	1.243800e+04	-2.079756e+01	-4.493134e+01	3.821905e+01	-1.604899e+01	-4.001880e+01	-3.608225e-02	-8.242139e-02	-8.914003e-01
27	1.051717e+00	1.000000e+00	-1.876431e+02	-2.087807e+02	4.008138e+01	3.998937e-07	1.188856e-01	3.814287e-01	2.779647e-01	9.761305e-02	1.241079e-01	2.189000e+08	4.310000e+13	8.077600e+03	1.243800e+04	-2.114211e+01	-4.505057e+01	3.823230e+01	-1.611458e+01	-4.008140e+01	-3.621661e-02	-8.271682e-02	-8.920706e-01
28	1.052263e+00	1.000000e+00	-1.873949e+02	-2.088683e+02	4.014201e+01	4.005202e-07	1.186876e-01	3.816077e-01	2.779255e-01	9.755449e-02	1.242248e-01	2.189000e+08	4.310000e+13	8.077600e+03	1.243800e+04	-2.147767e+01	-4.516604e+01	3.824499e+01	-1.617819e+01	-4.014204e+01	-3.634668e-02	-8.300373e-02	-8.927191e-01
29	1.052834e+00	1.000000e+00	-1.871503e+02	-2.089508e+02	4.020077e+01	4.011270e-07	1.184959e-01	3.817812e-01	2.778874e-01	9.749779e-02	1.243377e-01	2.189000e+08	4.310000e+13	8.077600e+03	1.243800e+04	-2.180451e+01	-4.527790e+01	3.825715e+01	-1.623990e+01	-4.020079e+01	-3.647266e-02	-8.328245e-02	-8.933469e-01
30	1.053430e+00	1.000000e+00	-1.869095e+02	-2.090285e+02	4.025771e+01	4.017150e-07	1.183103e-01	3.819495e-01	2.778504e-01	9.744288e-02	1.244469e-01	2.189000e+08	4.310000e+13	8.077600e+03	1.243800e+04	-2.212290e+01	-4.538629e+01	3.826879e+01	-1.629977e+01	-4.025773e+01	-3.659469e-02	-8.355325e-02	-8.939548e-01
31	1.054051e+00	1.000000e+00	-1.866723e+02	-2.091017e+02	4.031292e+01	4.022849e-07	1.181306e-01	3.821128e-01	2.778144e-01	9.738968e-02	1.245525e-01	2.189000e+08	4.310000e+13	8.077600e+03	1.243800e+04	-2.243310e+01	-4.549135e+01	3.827996e+01	-1.635787e+01	-4.031294e+01	-3.671296e-02	-8.381641e-02	-8.945436e-01
32	1.054699e+00	1.000000e+00	-1.864389e+02	-2.091708e+02	4.036646e+01	4.028374e-07	1.179565e-01	3.822712e-01	2.777794e-01	9.733813e-02	1.246547e-01	2.189000e+08	4.310000e+13	8.077600e+03	1.243800e+04	-2.273535e+01	-4.559321e+01	3.829067e+01	-1.641428e+01	-4.036648e+01	-3.682759e-02	-8.407219e-02	-8.951140e-01
33	1.055374e+00	1.000000e+00	-1.862094e+02	-2.092359e+02	4.041840e+01	4.033732e-07	1.177878e-01	3.824250e-01	2.777454e-01	9.728816e-02	1.247536e-01	2.189000e+08	4.310000e+13	8.077600e+03	1.243800e+04	-2.302988e+01	-4.569200e+01	3.830095e+01	-1.646904e+01	-4.041841e+01	-3.693873e-02	-8.432085e-02	-8.956669e-01
34	1.056077e+00	1.000000e+00	-1.859836e+02	-2.092973e+02	4.046878e+01	4.038929e-07	1.176243e-01	3.825742e-01	2.777124e-01	9.723971e-02	1.248494e-01	2.189000e+08	4.310000e+13	8.077600e+03	1.243800e+04	-2.331693e+01	-4.578782e+01	3.831082e+01	-1.652223e+01	-4.046880e+01	-3.704653e-02	-8.456262e-02	-8.962028e-01
35	1.056807e+00	1.000000e+00	-1.857616e+02	-2.093552e+02	4.051768e+01	4.043971e-07	1.174658e-01	3.827191e-01	2.776802e-01	9.719273e-02	1.249422e-01	2.189000e+08	4.310000e+13	8.077600e+03	1.243800e+04	-2.359670e+01	-4.588079e+01	3.832030e+01	-1.657389e+01	-4.051770e+01	-3.715109e-02	-8.479773e-02	-8.967225e-01
36	1.057567e+00	1.000000e+00	-1.855434e+02	-2.094099e+02	4.056515e+01	4.048864e-07	1.173120e-01	3.828598e-01	2.776490e-01	9.714715e-02	1.250320e-01	2.189000e+08	4.310000e+13	8.077600e+03	1.243800e+04	-2.386941e+01	-4.597101e+01	3.832941e+01	-1.662408e+01	-4.056516e+01	-3.725255e-02	-8.502641e-02	-8.972265e-01
37	1.058356e+00	1.000000e+00	-1.853290e+02	-2.094615e+02	4.061124e+01	4.053614e-07	1.171629e-01	3.829965e-01	2.776186e-01	9.710292e-02	1.251191e-01	2.189000e+08	4.310000e+13	8.077600e+03	1.243800e+04	-2.413526e+01	-4.605859e+01	3.833817e+01	-1.667285e+01	-4.061125e+01	-3.735102e-02	-8.524887e-02	-8.977156e-01
38	1.059177e+00	1.000000e+00	-1.851185e+02	-2.095102e+02	4.065599e+01	4.058225e-07	1.170182e-01	3.831293e-01	2.775890e-01	9.706000e-02	1.252035e-01	2.189000e+08	4.310000e+13	8.077600e+03	1.243800e+04	-2.439444e+01	-4.614362e+01	3.834659e+01	-1.672025e+01	-4.065600e+01	-3.744661e-02	-8.546530e-02	-8.981901e-01
39	1.060028e+00	1.000000e+00	-1.849116e+02	-2.095562e+02	4.069946e+01	4.062703e-07	1.168778e-01	3.832583e-01	2.775602e-01	9.701833e-02	1.252854e-01	2.189000e+08	4.310000e+13	8.077600e+03	1.243800e+04	-2.464715e+01	-4.622619e+01	3.835469e+01	-1.676632e+01	-4.069947e+01	-3.753943e-02	-8.567589e-02	-8.986506e-01
40		1.000000e+00	-1.847085e+02	-2.095997e+02	4.074169e+01	4.067053e-07	1.167415e-01	3.833836e-01	2.775322e-01	9.697788e-02	1.253647e-01	2.189000e+08	4.310000e+13	8.077600e+03	1.243800e+04	-2.489356e+01	-4.630639e+01	3.836249e+01	-1.681112e+01	-4.074170e+01	-3.762956e-02	-8.588084e-02	-8.990977e-01
