RTO_iter	profit	XFr_A_unmodified	XFr_A	XFr_B_unmodified	XFr_B	XFr_E_unmodified	XFr_E	XFr_P_unmodified	XFr_P	XFr_G_unmodified	XFr_G	Ka1	Ka2	Kb1	Kb2	XFr_A_eps	Fb_XFr_A_lam	Tr_XFr_A_lam	XFr_B_eps	Fb_XFr_B_lam	Tr_XFr_B_lam	XFr_E_eps	Fb_XFr_E_lam	Tr_XFr_E_lam	XFr_P_eps	Fb_XFr_P_lam	Tr_XFr_P_lam	XFr_G_eps	Fb_XFr_G_lam	Tr_XFr_G_lam
0												2.189000e+08	4.310000e+13	8.077600e+03	1.243800e+04	0.000000e+00	0.000000e+00	0.000000e+00	0.000000e+00	0.000000e+00	0.000000e+00	0.000000e+00	0.000000e+00	0.000000e+00	0.000000e+00	0.000000e+00	0.000000e+00	0.000000e+00	0.000000e+00	0.000000e+00
1	-1.792546e+02	1.456398e-01	1.456398e-01	3.793878e-01	3.793878e-01	2.781069e-01	2.781069e-01	1.101474e-01	1.101474e-01	8.671814e-02	8.671814e-02	2.189000e+08	4.310000e+13	8.077600e+03	1.243800e+04	1.449895e-03	9.279710e-03	4.228969e-04	1.189590e-02	1.511610e-02	-7.736797e-05	-2.105380e-02	-1.092478e-02	1.145080e-03	-3.693946e-03	-4.835124e-03	9.188909e-04	-1.994897e-02	-3.060296e-03	-1.323108e-03
2	-1.811889e+02	1.036691e-01	1.119736e-01	3.615634e-01	3.779487e-01	2.992717e-01	2.844633e-01	1.067058e-01	1.093667e-01	1.287901e-01	9.626733e-02	2.189000e+08	4.310000e+13	8.077600e+03	1.243800e+04	8.133199e-03	7.599766e-03	4.114438e-04	1.604780e-02	1.244771e-02	-1.538012e-04	-1.545230e-02	-9.406784e-03	9.861301e-04	3.341642e-03	-4.671201e-03	9.585958e-04	-3.304852e-02	-2.044824e-03	-1.546692e-03
3	-1.886911e+02	8.863945e-02	9.948247e-02	3.619175e-01	3.798018e-01	3.032530e-01	2.891474e-01	1.043447e-01	1.098291e-01	1.418454e-01	1.035536e-01	2.189000e+08	4.310000e+13	8.077600e+03	1.243800e+04	1.083963e-02	5.770208e-03	3.122448e-04	1.785280e-02	1.114772e-02	-2.600101e-04	-1.414235e-02	-8.498026e-03	1.070910e-03	5.622755e-03	-4.236406e-03	9.627423e-04	-3.783610e-02	-2.004722e-03	-1.593002e-03
4	-1.903537e+02	8.054280e-02	9.272270e-02	3.671398e-01	3.863061e-01	3.035323e-01	2.896785e-01	1.032567e-01	1.096571e-01	1.455284e-01	1.050326e-01	2.189000e+08	4.310000e+13	8.077600e+03	1.243800e+04	1.225894e-02	4.770294e-03	1.587526e-04	1.925535e-02	8.429289e-03	-2.515151e-04	-1.403332e-02	-7.392690e-03	1.008685e-03	6.315862e-03	-4.138997e-03	1.103831e-03	-4.031662e-02	7.312046e-04	-1.414040e-03
5	-1.926900e+02	6.350736e-02	7.781305e-02	3.736426e-01	3.943331e-01	3.047877e-01	2.927272e-01	9.955960e-02	1.091905e-01	1.585027e-01	1.126020e-01	2.189000e+08	4.310000e+13	8.077600e+03	1.243800e+04	1.459958e-02	3.587983e-03	2.192421e-04	2.064657e-02	7.219457e-03	-3.529744e-04	-1.203527e-02	-7.205948e-03	1.049993e-03	9.210697e-03	-4.178608e-03	8.628189e-04	-4.582255e-02	1.318402e-03	-1.236617e-03
6	-1.940996e+02	8.026531e-02	9.299337e-02	3.699633e-01	3.902265e-01	3.026999e-01	2.880757e-01	1.034892e-01	1.101170e-01	1.435824e-01	1.026823e-01	2.189000e+08	4.310000e+13	8.077600e+03	1.243800e+04	1.227827e-02	5.403594e-03	3.088948e-04	1.962122e-02	9.091725e-03	-3.027719e-04	-1.426369e-02	-9.511262e-03	9.265833e-04	6.340741e-03	-5.916628e-03	8.271676e-04	-4.011446e-02	7.539899e-04	-1.438503e-03
7	-1.969713e+02	1.004752e-01	1.096161e-01	3.539420e-01	3.709073e-01	3.026491e-01	2.892192e-01	1.055200e-01	1.115798e-01	1.374137e-01	1.015860e-01	2.189000e+08	4.310000e+13	8.077600e+03	1.243800e+04	8.368362e-03	7.725718e-03	4.858346e-04	1.549021e-02	1.179408e-02	-7.183518e-05	-1.390109e-02	-9.717727e-03	1.025590e-03	4.770108e-03	-4.356148e-03	8.526276e-04	-3.486188e-02	-2.092045e-03	-1.489763e-03
8	-1.884137e+02	9.356889e-02	1.035036e-01	3.618307e-01	3.790694e-01	3.020108e-01	2.874323e-01	1.052132e-01	1.099901e-01	1.373764e-01	1.010176e-01	2.189000e+08	4.310000e+13	8.077600e+03	1.243800e+04	9.981904e-03	5.918123e-03	3.566943e-04	1.715100e-02	1.134780e-02	4.354974e-06	-1.470749e-02	-8.608855e-03	1.085329e-03	4.887208e-03	-5.179954e-03	9.652040e-04	-3.647461e-02	3.283300e-04	-1.400005e-03
9	-1.897666e+02	8.946608e-02	9.996826e-02	3.578381e-01	3.751508e-01	3.043274e-01	2.908363e-01	1.040614e-01	1.100644e-01	1.443070e-01	1.061149e-01	2.189000e+08	4.310000e+13	8.077600e+03	1.243800e+04	1.045682e-02	5.902470e-03	3.577481e-04	1.728258e-02	1.003346e-02	-2.060349e-04	-1.360312e-02	-8.357984e-03	1.014356e-03	5.842181e-03	-3.594701e-03	1.097937e-03	-3.823352e-02	-7.563736e-04	-1.458278e-03
10	-1.963092e+02	5.989458e-02	7.607319e-02	3.785445e-01	4.005360e-01	3.038041e-01	2.914720e-01	9.897472e-02	1.094413e-01	1.587820e-01	1.111108e-01	2.189000e+08	4.310000e+13	8.077600e+03	1.243800e+04	1.522344e-02	3.412193e-03	7.453336e-05	2.129216e-02	5.269186e-03	-4.043562e-04	-1.177545e-02	-8.513985e-03	1.023129e-03	9.514633e-03	-3.403609e-03	1.030483e-03	-4.647467e-02	2.625348e-03	-1.274530e-03
11	-1.890764e+02	6.073686e-02	7.601607e-02	3.821789e-01	4.038425e-01	3.025497e-01	2.899709e-01	9.964497e-02	1.084971e-01	1.548896e-01	1.091895e-01	2.189000e+08	4.310000e+13	8.077600e+03	1.243800e+04	1.499824e-02	5.182127e-03	2.186540e-04	2.154009e-02	6.560585e-03	-2.891419e-04	-1.263570e-02	-8.064918e-03	1.059692e-03	8.960876e-03	-4.756211e-03	9.025498e-04	-4.590797e-02	2.814256e-03	-1.221162e-03
12	-1.956705e+02	8.075942e-02	9.260128e-02	3.672602e-01	3.872654e-01	3.034452e-01	2.896341e-01	1.033164e-01	1.103769e-01	1.452187e-01	1.034231e-01	2.189000e+08	4.310000e+13	8.077600e+03	1.243800e+04	1.213650e-02	5.332848e-03	3.143893e-04	1.921625e-02	9.002197e-03	-2.074142e-04	-1.403081e-02	-9.180548e-03	1.014412e-03	6.309915e-03	-4.883940e-03	1.031439e-03	-4.012437e-02	2.195742e-04	-1.493971e-03
13	-1.904375e+02	7.840047e-02	9.076709e-02	3.629325e-01	3.818473e-01	3.053144e-01	2.923416e-01	1.023095e-01	1.096420e-01	1.510431e-01	1.095196e-01	2.189000e+08	4.310000e+13	8.077600e+03	1.243800e+04	1.218596e-02	5.595414e-03	3.213018e-04	1.890625e-02	9.328609e-03	-3.454435e-04	-1.289939e-02	-9.162389e-03	1.028391e-03	7.313337e-03	-4.902980e-03	1.001771e-03	-4.157889e-02	-1.231428e-04	-1.414228e-03
14	-1.903577e+02	8.052528e-02	9.234241e-02	3.611960e-01	3.798262e-01	3.053877e-01	2.924944e-01	1.025952e-01	1.097382e-01	1.502959e-01	1.092662e-01	2.189000e+08	4.310000e+13	8.077600e+03	1.243800e+04	1.196727e-02	4.713066e-03	3.495669e-04	1.861699e-02	8.945149e-03	-3.088209e-04	-1.290724e-02	-9.223467e-03	1.044976e-03	7.263383e-03	-4.170223e-03	9.965318e-04	-4.099480e-02	7.684693e-04	-1.471582e-03
15	-1.916754e+02	7.512865e-02	8.802937e-02	3.684268e-01	3.880615e-01	3.042979e-01	2.909047e-01	1.021500e-01	1.096001e-01	1.499967e-01	1.079687e-01	2.189000e+08	4.310000e+13	8.077600e+03	1.243800e+04	1.307284e-02	4.213585e-03	1.904698e-04	1.958082e-02	9.284998e-03	-2.887655e-04	-1.318997e-02	-9.740025e-03	9.793707e-04	7.282051e-03	-3.809828e-03	1.040586e-03	-4.211510e-02	6.494473e-04	-1.379208e-03
16	-1.911760e+02	6.696860e-02	8.111377e-02	3.750672e-01	3.958038e-01	3.037780e-01	2.905284e-01	1.007405e-01	1.091195e-01	1.534456e-01	1.090957e-01	2.189000e+08	4.310000e+13	8.077600e+03	1.243800e+04	1.431669e-02	4.647253e-03	1.565128e-04	2.073323e-02	8.360736e-03	-2.907911e-04	-1.302707e-02	-6.515465e-03	1.064608e-03	8.219559e-03	-3.499904e-03	1.043564e-03	-4.430317e-02	1.808765e-03	-1.351129e-03
17	-1.904034e+02	6.128753e-02	7.647879e-02	3.814619e-01	4.030806e-01	3.026938e-01	2.899838e-01	9.974198e-02	1.086988e-01	1.548148e-01	1.091549e-01	2.189000e+08	4.310000e+13	8.077600e+03	1.243800e+04	1.532293e-02	1.951840e-03	5.836535e-05	2.161772e-02	6.522864e-03	-3.558202e-04	-1.273707e-02	-7.469547e-03	1.076971e-03	9.085586e-03	-5.131974e-03	7.988044e-04	-4.571111e-02	1.986350e-03	-1.322406e-03
18	-2.030763e+02	8.909391e-02	1.030077e-01	3.642762e-01	3.844577e-01	3.023884e-01	2.873179e-01	1.046706e-01	1.118032e-01	1.395709e-01	1.006360e-01	2.189000e+08	4.310000e+13	8.077600e+03	1.243800e+04	1.082393e-02	5.441965e-03	3.108277e-04	1.794346e-02	1.097477e-02	-1.351784e-04	-1.458083e-02	-8.507815e-03	1.038751e-03	5.183521e-03	-3.267600e-03	9.986471e-04	-3.752147e-02	-1.603123e-03	-1.469505e-03
19	-1.932505e+02	6.838768e-02	8.277835e-02	3.800799e-01	4.022126e-01	3.019381e-01	2.877913e-01	1.016564e-01	1.093706e-01	1.479379e-01	1.039340e-01	2.189000e+08	4.310000e+13	8.077600e+03	1.243800e+04	1.442945e-02	2.341409e-03	1.815416e-04	2.112690e-02	7.463243e-03	-2.060228e-04	-1.417589e-02	-6.879168e-03	1.179529e-03	7.240368e-03	-3.302783e-03	1.074164e-03	-4.319315e-02	2.165897e-03	-1.371444e-03
20	-1.913528e+02	5.599090e-02	7.160464e-02	3.867526e-01	4.090551e-01	3.017450e-01	2.897637e-01	9.855305e-02	1.085293e-01	1.569584e-01	1.097616e-01	2.189000e+08	4.310000e+13	8.077600e+03	1.243800e+04	1.592873e-02	2.012011e-03	1.446587e-05	2.195575e-02	4.983959e-03	-4.333706e-04	-1.209805e-02	-5.748897e-03	1.109673e-03	9.445440e-03	-3.312785e-03	9.733083e-04	-4.709799e-02	2.974508e-03	-1.255265e-03
