RTO_iter	rho	tr	cost_unmodified	cost	con_unmodified	con	merit	cost_eps	u1_cost_lam	u2_cost_lam	con_eps	u1_con_lam	u2_con_lam
0								0.000000e+00	0.000000e+00	0.000000e+00	0.000000e+00	0.000000e+00	0.000000e+00
1	3.326187e-01	1.000000e+00	1.220000e+00	1.220000e+00	-1.100000e-01	-1.100000e-01	1.220000e+00	1.100000e-01	1.000000e-01	1.100000e+00	2.200000e-01	0.000000e+00	2.420000e+00
2	9.870362e-01	1.000000e+00	2.063503e-01	-3.119690e-01	6.168539e-01	-3.539246e-01	-3.119690e-01	-8.995251e-02	-3.920573e-01	2.294372e-01	-4.766967e-01	0.000000e+00	4.517709e-01
3	-2.891322e+00	2.000000e+00	2.957460e-01	1.434877e-01	4.630596e-01	1.076056e-04	1.445638e-01	-1.468816e-01	-3.616330e-01	4.061620e-01	-4.617092e-01	0.000000e+00	5.734678e-01
4	-2.890131e+00	1.000000e+00	2.844875e-01	1.417271e-01	4.934895e-01	1.083487e-04	1.428106e-01						
5	-2.906702e+00	5.000000e-01	2.844879e-01	1.417273e-01	4.934890e-01	1.077093e-04	1.428044e-01						
6	-2.895356e+00	2.500000e-01	2.844825e-01	1.417246e-01	4.934952e-01	1.165696e-04	1.428903e-01						
7	-2.917001e+00	1.250000e-01	2.844862e-01	1.417264e-01	4.934910e-01	1.105121e-04	1.428316e-01						
8	-1.062701e+00	6.250000e-02	2.844792e-01	1.417229e-01	4.934990e-01	1.220388e-04	1.429433e-01						
9	2.626735e-01	3.125000e-02	2.869095e-01	1.424970e-01	4.836577e-01	1.220498e-04	1.437175e-01						
10	-3.820719e-03	3.125000e-02	2.909850e-01	1.450165e-01	4.730005e-01	1.106784e-04	1.461233e-01	-1.454923e-01	-3.811297e-01	3.817396e-01	-4.717397e-01	0.000000e+00	4.954812e-01
11	6.418671e-01	1.562500e-02	2.886182e-01	1.447707e-01	4.816664e-01	1.081621e-04	1.458524e-01						
12	6.782339e-01	1.562500e-02	2.900030e-01	1.451103e-01	4.769166e-01	1.104180e-04	1.462145e-01	-1.447719e-01	-3.913550e-01	3.699247e-01	-4.763925e-01	0.000000e+00	4.545801e-01
13	1.357142e+00	1.562500e-02	2.897531e-01	1.453322e-01	4.785122e-01	1.109230e-04	1.464415e-01	-1.443984e-01	-3.957739e-01	3.648509e-01	-4.782738e-01	0.000000e+00	4.369045e-01
14	3.195789e+00	3.125000e-02	2.902643e-01	1.453671e-01	4.767504e-01	1.109254e-04	1.464763e-01	-1.448796e-01	-3.920330e-01	3.695598e-01	-4.766863e-01	0.000000e+00	4.518679e-01
15	1.463446e+00	6.250000e-02	2.898275e-01	1.453458e-01	4.782742e-01	1.081879e-04	1.464277e-01	-1.444682e-01	-3.953077e-01	3.654577e-01	-4.780790e-01	0.000000e+00	4.387693e-01
16	2.529178e+00	1.250000e-01	2.902141e-01	1.453708e-01	4.769355e-01	1.081858e-04	1.464527e-01	-1.448330e-01	-3.924549e-01	3.690436e-01	-4.768681e-01	0.000000e+00	4.501803e-01
17	1.565894e+00	2.500000e-01	2.898772e-01	1.453522e-01	4.781016e-01	1.115229e-04	1.464674e-01	-1.445171e-01	-3.949472e-01	3.659151e-01	-4.779278e-01	0.000000e+00	4.402113e-01
18	2.741056e+00	5.000000e-01	2.901698e-01	1.453700e-01	4.770842e-01	1.136969e-04	1.465070e-01	-1.447938e-01	-3.927726e-01	3.686455e-01	-4.770046e-01	0.000000e+00	4.489096e-01
19	1.624494e+00	1.000000e+00	2.899186e-01	1.453584e-01	4.779667e-01	1.077085e-04	1.464354e-01	-1.445557e-01	-3.946760e-01	3.662642e-01	-4.778137e-01	0.000000e+00	4.412961e-01
20	2.273572e+00	2.000000e+00	2.901424e-01	1.453720e-01	4.771900e-01	1.083506e-04	1.464555e-01	-1.447669e-01	-3.930172e-01	3.683474e-01	-4.771094e-01	0.000000e+00	4.479312e-01
21	1.675241e+00	4.000000e+00	2.899476e-01	1.453614e-01	4.778668e-01	1.083506e-04	1.464449e-01	-1.445835e-01	-3.944664e-01	3.665295e-01	-4.777253e-01	0.000000e+00	4.421345e-01
22	2.171581e+00	4.000000e+00	2.901183e-01	1.453718e-01	4.772748e-01	1.083476e-04	1.464553e-01	-1.447445e-01	-3.932024e-01	3.681171e-01	-4.771885e-01	0.000000e+00	4.471906e-01
23	1.723827e+00	4.000000e+00	2.899698e-01	1.453635e-01	4.777906e-01	1.083475e-04	1.464470e-01	-1.446047e-01	-3.943065e-01	3.667317e-01	-4.776578e-01	0.000000e+00	4.427739e-01
24	2.100367e+00	4.000000e+00	2.900998e-01	1.453714e-01	4.773396e-01	1.083476e-04	1.464549e-01	-1.447273e-01	-3.933432e-01	3.679415e-01	-4.772487e-01	0.000000e+00	4.466270e-01
25	1.763047e+00	4.000000e+00	2.899866e-01	1.453650e-01	4.777328e-01	1.083475e-04	1.464485e-01	-1.446207e-01	-3.941846e-01	3.668858e-01	-4.776062e-01	0.000000e+00	4.432618e-01
26	2.049507e+00	4.000000e+00	2.900857e-01	1.453709e-01	4.773891e-01	1.083476e-04	1.464544e-01	-1.447141e-01	-3.934505e-01	3.678076e-01	-4.772944e-01	0.000000e+00	4.461981e-01
27	1.794345e+00	4.000000e+00	2.899994e-01	1.453661e-01	4.776888e-01	1.083475e-04	1.464496e-01	-1.446328e-01	-3.940915e-01	3.670031e-01	-4.775668e-01	0.000000e+00	4.436338e-01
28	2.012568e+00	4.000000e+00	2.900749e-01	1.453705e-01	4.774270e-01	1.083476e-04	1.464540e-01	-1.447039e-01	-3.935321e-01	3.677055e-01	-4.773292e-01	0.000000e+00	4.458715e-01
29	1.819065e+00	4.000000e+00	2.900091e-01	1.453668e-01	4.776553e-01	1.083475e-04	1.464503e-01	-1.446420e-01	-3.940206e-01	3.670924e-01	-4.775367e-01	0.000000e+00	4.439176e-01
30		4.000000e+00	2.900666e-01	1.453702e-01	4.774558e-01	1.083476e-04	1.464537e-01	-1.446962e-01	-3.935943e-01	3.676277e-01	-4.773557e-01	0.000000e+00	4.456227e-01
