rto_iter	test_point_no	variable_name	noise
0	0	cost	0.000000e+00
0	0	con	-0.000000e+00
0	1	cost	0.000000e+00
0	1	con	0.000000e+00
0	2	cost	0.000000e+00
0	2	con	-0.000000e+00
0	3	cost	-0.000000e+00
0	3	con	-0.000000e+00
0	4	cost	0.000000e+00
0	4	con	-0.000000e+00
0	5	cost	0.000000e+00
0	5	con	0.000000e+00
0	6	cost	-0.000000e+00
0	6	con	0.000000e+00
0	7	cost	0.000000e+00
0	7	con	0.000000e+00
0	8	cost	-0.000000e+00
0	8	con	0.000000e+00
0	9	cost	-0.000000e+00
0	9	con	0.000000e+00
1	0	cost	0.000000e+00
1	0	con	0.000000e+00
1	1	cost	0.000000e+00
1	1	con	0.000000e+00
1	2	cost	0.000000e+00
1	2	con	-0.000000e+00
1	3	cost	-0.000000e+00
1	3	con	-0.000000e+00
1	4	cost	0.000000e+00
1	4	con	-0.000000e+00
1	5	cost	0.000000e+00
1	5	con	-0.000000e+00
1	6	cost	-0.000000e+00
1	6	con	-0.000000e+00
1	7	cost	0.000000e+00
1	7	con	-0.000000e+00
1	8	cost	-0.000000e+00
1	8	con	-0.000000e+00
1	9	cost	-0.000000e+00
1	9	con	0.000000e+00
2	0	cost	-0.000000e+00
2	0	con	0.000000e+00
2	1	cost	-0.000000e+00
2	1	con	0.000000e+00
2	2	cost	-0.000000e+00
2	2	con	-0.000000e+00
2	3	cost	-0.000000e+00
2	3	con	0.000000e+00
2	4	cost	-0.000000e+00
2	4	con	-0.000000e+00
2	5	cost	-0.000000e+00
2	5	con	0.000000e+00
2	6	cost	-0.000000e+00
2	6	con	-0.000000e+00
2	7	cost	0.000000e+00
2	7	con	-0.000000e+00
2	8	cost	0.000000e+00
2	8	con	-0.000000e+00
2	9	cost	-0.000000e+00
2	9	con	-0.000000e+00
3	0	cost	-0.000000e+00
3	0	con	-0.000000e+00
3	1	cost	-0.000000e+00
3	1	con	-0.000000e+00
3	2	cost	0.000000e+00
3	2	con	0.000000e+00
3	3	cost	-0.000000e+00
3	3	con	-0.000000e+00
3	4	cost	0.000000e+00
3	4	con	-0.000000e+00
3	5	cost	-0.000000e+00
3	5	con	-0.000000e+00
3	6	cost	0.000000e+00
3	6	con	0.000000e+00
3	7	cost	0.000000e+00
3	7	con	0.000000e+00
3	8	cost	-0.000000e+00
3	8	con	0.000000e+00
3	9	cost	0.000000e+00
3	9	con	0.000000e+00
4	0	cost	-0.000000e+00
4	0	con	0.000000e+00
4	1	cost	-0.000000e+00
4	1	con	-0.000000e+00
4	2	cost	-0.000000e+00
4	2	con	-0.000000e+00
4	3	cost	-0.000000e+00
4	3	con	0.000000e+00
4	4	cost	0.000000e+00
4	4	con	-0.000000e+00
4	5	cost	0.000000e+00
4	5	con	-0.000000e+00
4	6	cost	0.000000e+00
4	6	con	0.000000e+00
4	7	cost	-0.000000e+00
4	7	con	0.000000e+00
4	8	cost	-0.000000e+00
4	8	con	0.000000e+00
4	9	cost	-0.000000e+00
4	9	con	0.000000e+00
5	0	cost	0.000000e+00
5	0	con	-0.000000e+00
5	1	cost	0.000000e+00
5	1	con	0.000000e+00
5	2	cost	-0.000000e+00
5	2	con	-0.000000e+00
5	3	cost	0.000000e+00
5	3	con	0.000000e+00
5	4	cost	0.000000e+00
5	4	con	0.000000e+00
5	5	cost	0.000000e+00
5	5	con	0.000000e+00
5	6	cost	0.000000e+00
5	6	con	0.000000e+00
5	7	cost	-0.000000e+00
5	7	con	0.000000e+00
5	8	cost	-0.000000e+00
5	8	con	0.000000e+00
5	9	cost	-0.000000e+00
5	9	con	-0.000000e+00
6	0	cost	0.000000e+00
6	0	con	-0.000000e+00
6	1	cost	0.000000e+00
6	1	con	-0.000000e+00
6	2	cost	-0.000000e+00
6	2	con	0.000000e+00
6	3	cost	0.000000e+00
6	3	con	-0.000000e+00
6	4	cost	-0.000000e+00
6	4	con	-0.000000e+00
6	5	cost	-0.000000e+00
6	5	con	-0.000000e+00
6	6	cost	-0.000000e+00
6	6	con	-0.000000e+00
6	7	cost	0.000000e+00
6	7	con	0.000000e+00
6	8	cost	-0.000000e+00
6	8	con	-0.000000e+00
6	9	cost	0.000000e+00
6	9	con	-0.000000e+00
7	0	cost	0.000000e+00
7	0	con	-0.000000e+00
7	1	cost	-0.000000e+00
7	1	con	0.000000e+00
7	2	cost	-0.000000e+00
7	2	con	-0.000000e+00
7	3	cost	-0.000000e+00
7	3	con	0.000000e+00
7	4	cost	0.000000e+00
7	4	con	0.000000e+00
7	5	cost	0.000000e+00
7	5	con	-0.000000e+00
7	6	cost	0.000000e+00
7	6	con	0.000000e+00
7	7	cost	0.000000e+00
7	7	con	0.000000e+00
7	8	cost	0.000000e+00
7	8	con	0.000000e+00
7	9	cost	0.000000e+00
7	9	con	-0.000000e+00
8	0	cost	0.000000e+00
8	0	con	0.000000e+00
8	1	cost	-0.000000e+00
8	1	con	0.000000e+00
8	2	cost	0.000000e+00
8	2	con	-0.000000e+00
8	3	cost	-0.000000e+00
8	3	con	0.000000e+00
8	4	cost	-0.000000e+00
8	4	con	-0.000000e+00
8	5	cost	-0.000000e+00
8	5	con	0.000000e+00
8	6	cost	-0.000000e+00
8	6	con	-0.000000e+00
8	7	cost	0.000000e+00
8	7	con	-0.000000e+00
8	8	cost	-0.000000e+00
8	8	con	-0.000000e+00
8	9	cost	-0.000000e+00
8	9	con	-0.000000e+00
9	0	cost	0.000000e+00
9	0	con	0.000000e+00
9	1	cost	-0.000000e+00
9	1	con	0.000000e+00
9	2	cost	0.000000e+00
9	2	con	-0.000000e+00
9	3	cost	0.000000e+00
9	3	con	-0.000000e+00
9	4	cost	0.000000e+00
9	4	con	0.000000e+00
9	5	cost	0.000000e+00
9	5	con	-0.000000e+00
9	6	cost	-0.000000e+00
9	6	con	0.000000e+00
9	7	cost	0.000000e+00
9	7	con	0.000000e+00
9	8	cost	-0.000000e+00
9	8	con	-0.000000e+00
9	9	cost	0.000000e+00
9	9	con	-0.000000e+00
10	0	cost	-0.000000e+00
10	0	con	-0.000000e+00
10	1	cost	-0.000000e+00
10	1	con	-0.000000e+00
10	2	cost	-0.000000e+00
10	2	con	-0.000000e+00
10	3	cost	0.000000e+00
10	3	con	-0.000000e+00
10	4	cost	-0.000000e+00
10	4	con	0.000000e+00
10	5	cost	-0.000000e+00
10	5	con	-0.000000e+00
10	6	cost	-0.000000e+00
10	6	con	0.000000e+00
10	7	cost	-0.000000e+00
10	7	con	-0.000000e+00
10	8	cost	-0.000000e+00
10	8	con	-0.000000e+00
10	9	cost	-0.000000e+00
10	9	con	0.000000e+00
11	0	cost	0.000000e+00
11	0	con	0.000000e+00
11	1	cost	-0.000000e+00
11	1	con	0.000000e+00
11	2	cost	0.000000e+00
11	2	con	-0.000000e+00
11	3	cost	0.000000e+00
11	3	con	0.000000e+00
11	4	cost	0.000000e+00
11	4	con	-0.000000e+00
11	5	cost	-0.000000e+00
11	5	con	0.000000e+00
11	6	cost	-0.000000e+00
11	6	con	0.000000e+00
11	7	cost	-0.000000e+00
11	7	con	0.000000e+00
11	8	cost	0.000000e+00
11	8	con	-0.000000e+00
11	9	cost	-0.000000e+00
11	9	con	0.000000e+00
12	0	cost	0.000000e+00
12	0	con	-0.000000e+00
12	1	cost	0.000000e+00
12	1	con	0.000000e+00
12	2	cost	-0.000000e+00
12	2	con	0.000000e+00
12	3	cost	-0.000000e+00
12	3	con	0.000000e+00
12	4	cost	0.000000e+00
12	4	con	-0.000000e+00
12	5	cost	0.000000e+00
12	5	con	-0.000000e+00
12	6	cost	-0.000000e+00
12	6	con	0.000000e+00
12	7	cost	-0.000000e+00
12	7	con	-0.000000e+00
12	8	cost	-0.000000e+00
12	8	con	-0.000000e+00
12	9	cost	0.000000e+00
12	9	con	-0.000000e+00
13	0	cost	-0.000000e+00
13	0	con	-0.000000e+00
13	1	cost	-0.000000e+00
13	1	con	-0.000000e+00
13	2	cost	-0.000000e+00
13	2	con	0.000000e+00
13	3	cost	-0.000000e+00
13	3	con	0.000000e+00
13	4	cost	0.000000e+00
13	4	con	-0.000000e+00
13	5	cost	0.000000e+00
13	5	con	0.000000e+00
13	6	cost	-0.000000e+00
13	6	con	0.000000e+00
13	7	cost	-0.000000e+00
13	7	con	-0.000000e+00
13	8	cost	-0.000000e+00
13	8	con	-0.000000e+00
13	9	cost	-0.000000e+00
13	9	con	-0.000000e+00
14	0	cost	0.000000e+00
14	0	con	0.000000e+00
14	1	cost	0.000000e+00
14	1	con	-0.000000e+00
14	2	cost	0.000000e+00
14	2	con	-0.000000e+00
14	3	cost	0.000000e+00
14	3	con	-0.000000e+00
14	4	cost	-0.000000e+00
14	4	con	0.000000e+00
14	5	cost	0.000000e+00
14	5	con	-0.000000e+00
14	6	cost	-0.000000e+00
14	6	con	-0.000000e+00
14	7	cost	-0.000000e+00
14	7	con	0.000000e+00
14	8	cost	-0.000000e+00
14	8	con	0.000000e+00
14	9	cost	0.000000e+00
14	9	con	0.000000e+00
15	0	cost	-0.000000e+00
15	0	con	0.000000e+00
15	1	cost	0.000000e+00
15	1	con	0.000000e+00
15	2	cost	-0.000000e+00
15	2	con	0.000000e+00
15	3	cost	0.000000e+00
15	3	con	0.000000e+00
15	4	cost	-0.000000e+00
15	4	con	0.000000e+00
15	5	cost	-0.000000e+00
15	5	con	-0.000000e+00
15	6	cost	0.000000e+00
15	6	con	0.000000e+00
15	7	cost	-0.000000e+00
15	7	con	0.000000e+00
15	8	cost	0.000000e+00
15	8	con	-0.000000e+00
15	9	cost	-0.000000e+00
15	9	con	-0.000000e+00
16	0	cost	-0.000000e+00
16	0	con	0.000000e+00
16	1	cost	-0.000000e+00
16	1	con	-0.000000e+00
16	2	cost	0.000000e+00
16	2	con	-0.000000e+00
16	3	cost	-0.000000e+00
16	3	con	0.000000e+00
16	4	cost	-0.000000e+00
16	4	con	-0.000000e+00
16	5	cost	-0.000000e+00
16	5	con	-0.000000e+00
16	6	cost	-0.000000e+00
16	6	con	-0.000000e+00
16	7	cost	0.000000e+00
16	7	con	0.000000e+00
16	8	cost	-0.000000e+00
16	8	con	-0.000000e+00
16	9	cost	-0.000000e+00
16	9	con	0.000000e+00
17	0	cost	-0.000000e+00
17	0	con	-0.000000e+00
17	1	cost	0.000000e+00
17	1	con	0.000000e+00
17	2	cost	0.000000e+00
17	2	con	-0.000000e+00
17	3	cost	0.000000e+00
17	3	con	0.000000e+00
17	4	cost	0.000000e+00
17	4	con	0.000000e+00
17	5	cost	0.000000e+00
17	5	con	-0.000000e+00
17	6	cost	-0.000000e+00
17	6	con	0.000000e+00
17	7	cost	0.000000e+00
17	7	con	0.000000e+00
17	8	cost	-0.000000e+00
17	8	con	0.000000e+00
17	9	cost	-0.000000e+00
17	9	con	0.000000e+00
18	0	cost	0.000000e+00
18	0	con	-0.000000e+00
18	1	cost	-0.000000e+00
18	1	con	-0.000000e+00
18	2	cost	0.000000e+00
18	2	con	0.000000e+00
18	3	cost	0.000000e+00
18	3	con	0.000000e+00
18	4	cost	0.000000e+00
18	4	con	-0.000000e+00
18	5	cost	0.000000e+00
18	5	con	0.000000e+00
18	6	cost	-0.000000e+00
18	6	con	0.000000e+00
18	7	cost	0.000000e+00
18	7	con	-0.000000e+00
18	8	cost	-0.000000e+00
18	8	con	-0.000000e+00
18	9	cost	0.000000e+00
18	9	con	-0.000000e+00
19	0	cost	0.000000e+00
19	0	con	-0.000000e+00
19	1	cost	-0.000000e+00
19	1	con	-0.000000e+00
19	2	cost	0.000000e+00
19	2	con	0.000000e+00
19	3	cost	0.000000e+00
19	3	con	0.000000e+00
19	4	cost	-0.000000e+00
19	4	con	0.000000e+00
19	5	cost	-0.000000e+00
19	5	con	0.000000e+00
19	6	cost	0.000000e+00
19	6	con	-0.000000e+00
19	7	cost	-0.000000e+00
19	7	con	-0.000000e+00
19	8	cost	-0.000000e+00
19	8	con	-0.000000e+00
19	9	cost	-0.000000e+00
19	9	con	0.000000e+00
20	0	cost	-0.000000e+00
20	0	con	-0.000000e+00
20	1	cost	-0.000000e+00
20	1	con	-0.000000e+00
20	2	cost	0.000000e+00
20	2	con	-0.000000e+00
20	3	cost	0.000000e+00
20	3	con	0.000000e+00
20	4	cost	0.000000e+00
20	4	con	-0.000000e+00
20	5	cost	0.000000e+00
20	5	con	-0.000000e+00
20	6	cost	0.000000e+00
20	6	con	-0.000000e+00
20	7	cost	0.000000e+00
20	7	con	0.000000e+00
20	8	cost	-0.000000e+00
20	8	con	-0.000000e+00
20	9	cost	0.000000e+00
20	9	con	-0.000000e+00
21	0	cost	-0.000000e+00
21	0	con	-0.000000e+00
21	1	cost	0.000000e+00
21	1	con	0.000000e+00
21	2	cost	0.000000e+00
21	2	con	0.000000e+00
21	3	cost	-0.000000e+00
21	3	con	0.000000e+00
21	4	cost	-0.000000e+00
21	4	con	0.000000e+00
21	5	cost	0.000000e+00
21	5	con	-0.000000e+00
21	6	cost	0.000000e+00
21	6	con	-0.000000e+00
21	7	cost	-0.000000e+00
21	7	con	0.000000e+00
21	8	cost	-0.000000e+00
21	8	con	0.000000e+00
21	9	cost	-0.000000e+00
21	9	con	-0.000000e+00
22	0	cost	-0.000000e+00
22	0	con	0.000000e+00
22	1	cost	0.000000e+00
22	1	con	0.000000e+00
22	2	cost	-0.000000e+00
22	2	con	0.000000e+00
22	3	cost	0.000000e+00
22	3	con	0.000000e+00
22	4	cost	-0.000000e+00
22	4	con	-0.000000e+00
22	5	cost	-0.000000e+00
22	5	con	-0.000000e+00
22	6	cost	0.000000e+00
22	6	con	0.000000e+00
22	7	cost	-0.000000e+00
22	7	con	-0.000000e+00
22	8	cost	-0.000000e+00
22	8	con	0.000000e+00
22	9	cost	-0.000000e+00
22	9	con	0.000000e+00
23	0	cost	-0.000000e+00
23	0	con	0.000000e+00
23	1	cost	-0.000000e+00
23	1	con	0.000000e+00
23	2	cost	0.000000e+00
23	2	con	-0.000000e+00
23	3	cost	0.000000e+00
23	3	con	-0.000000e+00
23	4	cost	0.000000e+00
23	4	con	0.000000e+00
23	5	cost	0.000000e+00
23	5	con	-0.000000e+00
23	6	cost	0.000000e+00
23	6	con	-0.000000e+00
23	7	cost	-0.000000e+00
23	7	con	0.000000e+00
23	8	cost	0.000000e+00
23	8	con	-0.000000e+00
23	9	cost	-0.000000e+00
23	9	con	-0.000000e+00
24	0	cost	0.000000e+00
24	0	con	-0.000000e+00
24	1	cost	0.000000e+00
24	1	con	-0.000000e+00
24	2	cost	-0.000000e+00
24	2	con	-0.000000e+00
24	3	cost	0.000000e+00
24	3	con	-0.000000e+00
24	4	cost	-0.000000e+00
24	4	con	0.000000e+00
24	5	cost	-0.000000e+00
24	5	con	0.000000e+00
24	6	cost	-0.000000e+00
24	6	con	-0.000000e+00
24	7	cost	-0.000000e+00
24	7	con	-0.000000e+00
24	8	cost	-0.000000e+00
24	8	con	0.000000e+00
24	9	cost	0.000000e+00
24	9	con	0.000000e+00
25	0	cost	-0.000000e+00
25	0	con	-0.000000e+00
25	1	cost	-0.000000e+00
25	1	con	-0.000000e+00
25	2	cost	0.000000e+00
25	2	con	0.000000e+00
25	3	cost	0.000000e+00
25	3	con	0.000000e+00
25	4	cost	0.000000e+00
25	4	con	-0.000000e+00
25	5	cost	-0.000000e+00
25	5	con	-0.000000e+00
25	6	cost	-0.000000e+00
25	6	con	0.000000e+00
25	7	cost	-0.000000e+00
25	7	con	0.000000e+00
25	8	cost	-0.000000e+00
25	8	con	-0.000000e+00
25	9	cost	0.000000e+00
25	9	con	0.000000e+00
26	0	cost	0.000000e+00
26	0	con	-0.000000e+00
26	1	cost	0.000000e+00
26	1	con	-0.000000e+00
26	2	cost	0.000000e+00
26	2	con	0.000000e+00
26	3	cost	-0.000000e+00
26	3	con	-0.000000e+00
26	4	cost	-0.000000e+00
26	4	con	-0.000000e+00
26	5	cost	0.000000e+00
26	5	con	-0.000000e+00
26	6	cost	-0.000000e+00
26	6	con	0.000000e+00
26	7	cost	-0.000000e+00
26	7	con	-0.000000e+00
26	8	cost	0.000000e+00
26	8	con	0.000000e+00
26	9	cost	-0.000000e+00
26	9	con	-0.000000e+00
27	0	cost	0.000000e+00
27	0	con	-0.000000e+00
27	1	cost	0.000000e+00
27	1	con	-0.000000e+00
27	2	cost	0.000000e+00
27	2	con	-0.000000e+00
27	3	cost	0.000000e+00
27	3	con	-0.000000e+00
27	4	cost	0.000000e+00
27	4	con	0.000000e+00
27	5	cost	0.000000e+00
27	5	con	0.000000e+00
27	6	cost	0.000000e+00
27	6	con	0.000000e+00
27	7	cost	-0.000000e+00
27	7	con	0.000000e+00
27	8	cost	-0.000000e+00
27	8	con	0.000000e+00
27	9	cost	-0.000000e+00
27	9	con	0.000000e+00
28	0	cost	0.000000e+00
28	0	con	-0.000000e+00
28	1	cost	-0.000000e+00
28	1	con	-0.000000e+00
28	2	cost	-0.000000e+00
28	2	con	0.000000e+00
28	3	cost	0.000000e+00
28	3	con	-0.000000e+00
28	4	cost	0.000000e+00
28	4	con	0.000000e+00
28	5	cost	-0.000000e+00
28	5	con	0.000000e+00
28	6	cost	-0.000000e+00
28	6	con	0.000000e+00
28	7	cost	-0.000000e+00
28	7	con	0.000000e+00
28	8	cost	0.000000e+00
28	8	con	0.000000e+00
28	9	cost	0.000000e+00
28	9	con	0.000000e+00
29	0	cost	0.000000e+00
29	0	con	-0.000000e+00
29	1	cost	0.000000e+00
29	1	con	0.000000e+00
29	2	cost	0.000000e+00
29	2	con	-0.000000e+00
29	3	cost	-0.000000e+00
29	3	con	0.000000e+00
29	4	cost	-0.000000e+00
29	4	con	-0.000000e+00
29	5	cost	-0.000000e+00
29	5	con	-0.000000e+00
29	6	cost	-0.000000e+00
29	6	con	0.000000e+00
29	7	cost	-0.000000e+00
29	7	con	0.000000e+00
29	8	cost	-0.000000e+00
29	8	con	0.000000e+00
29	9	cost	0.000000e+00
29	9	con	0.000000e+00
30	0	cost	0.000000e+00
30	0	con	0.000000e+00
30	1	cost	0.000000e+00
30	1	con	-0.000000e+00
30	2	cost	0.000000e+00
30	2	con	-0.000000e+00
30	3	cost	-0.000000e+00
30	3	con	0.000000e+00
30	4	cost	-0.000000e+00
30	4	con	0.000000e+00
30	5	cost	-0.000000e+00
30	5	con	-0.000000e+00
30	6	cost	-0.000000e+00
30	6	con	0.000000e+00
30	7	cost	0.000000e+00
30	7	con	-0.000000e+00
30	8	cost	0.000000e+00
30	8	con	-0.000000e+00
30	9	cost	-0.000000e+00
30	9	con	0.000000e+00
31	0	cost	-0.000000e+00
31	0	con	-0.000000e+00
31	1	cost	-0.000000e+00
31	1	con	-0.000000e+00
31	2	cost	-0.000000e+00
31	2	con	-0.000000e+00
31	3	cost	-0.000000e+00
31	3	con	-0.000000e+00
31	4	cost	-0.000000e+00
31	4	con	-0.000000e+00
31	5	cost	-0.000000e+00
31	5	con	-0.000000e+00
31	6	cost	0.000000e+00
31	6	con	-0.000000e+00
31	7	cost	0.000000e+00
31	7	con	-0.000000e+00
31	8	cost	-0.000000e+00
31	8	con	-0.000000e+00
31	9	cost	0.000000e+00
31	9	con	-0.000000e+00
32	0	cost	-0.000000e+00
32	0	con	-0.000000e+00
32	1	cost	-0.000000e+00
32	1	con	0.000000e+00
32	2	cost	0.000000e+00
32	2	con	0.000000e+00
32	3	cost	0.000000e+00
32	3	con	0.000000e+00
32	4	cost	0.000000e+00
32	4	con	0.000000e+00
32	5	cost	0.000000e+00
32	5	con	0.000000e+00
32	6	cost	0.000000e+00
32	6	con	-0.000000e+00
32	7	cost	0.000000e+00
32	7	con	-0.000000e+00
32	8	cost	-0.000000e+00
32	8	con	-0.000000e+00
32	9	cost	0.000000e+00
32	9	con	0.000000e+00
33	0	cost	-0.000000e+00
33	0	con	-0.000000e+00
33	1	cost	-0.000000e+00
33	1	con	-0.000000e+00
33	2	cost	0.000000e+00
33	2	con	-0.000000e+00
33	3	cost	-0.000000e+00
33	3	con	0.000000e+00
33	4	cost	0.000000e+00
33	4	con	0.000000e+00
33	5	cost	-0.000000e+00
33	5	con	0.000000e+00
33	6	cost	0.000000e+00
33	6	con	-0.000000e+00
33	7	cost	-0.000000e+00
33	7	con	-0.000000e+00
33	8	cost	0.000000e+00
33	8	con	-0.000000e+00
33	9	cost	0.000000e+00
33	9	con	0.000000e+00
34	0	cost	-0.000000e+00
34	0	con	-0.000000e+00
34	1	cost	0.000000e+00
34	1	con	0.000000e+00
34	2	cost	0.000000e+00
34	2	con	-0.000000e+00
34	3	cost	-0.000000e+00
34	3	con	0.000000e+00
34	4	cost	0.000000e+00
34	4	con	0.000000e+00
34	5	cost	0.000000e+00
34	5	con	-0.000000e+00
34	6	cost	0.000000e+00
34	6	con	-0.000000e+00
34	7	cost	-0.000000e+00
34	7	con	-0.000000e+00
34	8	cost	-0.000000e+00
34	8	con	0.000000e+00
34	9	cost	0.000000e+00
34	9	con	0.000000e+00
35	0	cost	0.000000e+00
35	0	con	0.000000e+00
35	1	cost	-0.000000e+00
35	1	con	-0.000000e+00
35	2	cost	0.000000e+00
35	2	con	0.000000e+00
35	3	cost	-0.000000e+00
35	3	con	-0.000000e+00
35	4	cost	-0.000000e+00
35	4	con	0.000000e+00
35	5	cost	-0.000000e+00
35	5	con	-0.000000e+00
35	6	cost	-0.000000e+00
35	6	con	0.000000e+00
35	7	cost	0.000000e+00
35	7	con	-0.000000e+00
35	8	cost	0.000000e+00
35	8	con	-0.000000e+00
35	9	cost	-0.000000e+00
35	9	con	0.000000e+00
36	0	cost	-0.000000e+00
36	0	con	0.000000e+00
36	1	cost	-0.000000e+00
36	1	con	-0.000000e+00
36	2	cost	0.000000e+00
36	2	con	-0.000000e+00
36	3	cost	0.000000e+00
36	3	con	0.000000e+00
36	4	cost	-0.000000e+00
36	4	con	0.000000e+00
36	5	cost	0.000000e+00
36	5	con	-0.000000e+00
36	6	cost	0.000000e+00
36	6	con	0.000000e+00
36	7	cost	-0.000000e+00
36	7	con	-0.000000e+00
36	8	cost	0.000000e+00
36	8	con	0.000000e+00
36	9	cost	-0.000000e+00
36	9	con	0.000000e+00
37	0	cost	0.000000e+00
37	0	con	-0.000000e+00
37	1	cost	-0.000000e+00
37	1	con	-0.000000e+00
37	2	cost	0.000000e+00
37	2	con	0.000000e+00
37	3	cost	0.000000e+00
37	3	con	-0.000000e+00
37	4	cost	-0.000000e+00
37	4	con	0.000000e+00
37	5	cost	0.000000e+00
37	5	con	0.000000e+00
37	6	cost	-0.000000e+00
37	6	con	0.000000e+00
37	7	cost	0.000000e+00
37	7	con	0.000000e+00
37	8	cost	0.000000e+00
37	8	con	-0.000000e+00
37	9	cost	-0.000000e+00
37	9	con	0.000000e+00
38	0	cost	-0.000000e+00
38	0	con	-0.000000e+00
38	1	cost	-0.000000e+00
38	1	con	0.000000e+00
38	2	cost	-0.000000e+00
38	2	con	0.000000e+00
38	3	cost	-0.000000e+00
38	3	con	0.000000e+00
38	4	cost	0.000000e+00
38	4	con	-0.000000e+00
38	5	cost	-0.000000e+00
38	5	con	0.000000e+00
38	6	cost	-0.000000e+00
38	6	con	0.000000e+00
38	7	cost	0.000000e+00
38	7	con	0.000000e+00
38	8	cost	0.000000e+00
38	8	con	0.000000e+00
38	9	cost	-0.000000e+00
38	9	con	0.000000e+00
39	0	cost	-0.000000e+00
39	0	con	0.000000e+00
39	1	cost	0.000000e+00
39	1	con	-0.000000e+00
39	2	cost	0.000000e+00
39	2	con	0.000000e+00
39	3	cost	0.000000e+00
39	3	con	0.000000e+00
39	4	cost	0.000000e+00
39	4	con	-0.000000e+00
39	5	cost	0.000000e+00
39	5	con	0.000000e+00
39	6	cost	0.000000e+00
39	6	con	0.000000e+00
39	7	cost	-0.000000e+00
39	7	con	-0.000000e+00
39	8	cost	0.000000e+00
39	8	con	0.000000e+00
39	9	cost	0.000000e+00
39	9	con	-0.000000e+00
40	0	cost	0.000000e+00
40	0	con	-0.000000e+00
40	1	cost	0.000000e+00
40	1	con	-0.000000e+00
40	2	cost	0.000000e+00
40	2	con	-0.000000e+00
40	3	cost	0.000000e+00
40	3	con	0.000000e+00
40	4	cost	-0.000000e+00
40	4	con	0.000000e+00
40	5	cost	0.000000e+00
40	5	con	0.000000e+00
40	6	cost	-0.000000e+00
40	6	con	0.000000e+00
40	7	cost	0.000000e+00
40	7	con	-0.000000e+00
40	8	cost	-0.000000e+00
40	8	con	-0.000000e+00
40	9	cost	0.000000e+00
40	9	con	0.000000e+00
41	0	cost	0.000000e+00
41	0	con	-0.000000e+00
41	1	cost	-0.000000e+00
41	1	con	0.000000e+00
41	2	cost	-0.000000e+00
41	2	con	-0.000000e+00
41	3	cost	-0.000000e+00
41	3	con	-0.000000e+00
41	4	cost	0.000000e+00
41	4	con	-0.000000e+00
41	5	cost	0.000000e+00
41	5	con	0.000000e+00
41	6	cost	0.000000e+00
41	6	con	-0.000000e+00
41	7	cost	-0.000000e+00
41	7	con	-0.000000e+00
41	8	cost	-0.000000e+00
41	8	con	0.000000e+00
41	9	cost	-0.000000e+00
41	9	con	0.000000e+00
42	0	cost	0.000000e+00
42	0	con	0.000000e+00
42	1	cost	0.000000e+00
42	1	con	0.000000e+00
42	2	cost	0.000000e+00
42	2	con	-0.000000e+00
42	3	cost	-0.000000e+00
42	3	con	-0.000000e+00
42	4	cost	0.000000e+00
42	4	con	0.000000e+00
42	5	cost	-0.000000e+00
42	5	con	0.000000e+00
42	6	cost	-0.000000e+00
42	6	con	0.000000e+00
42	7	cost	0.000000e+00
42	7	con	-0.000000e+00
42	8	cost	-0.000000e+00
42	8	con	0.000000e+00
42	9	cost	0.000000e+00
42	9	con	-0.000000e+00
43	0	cost	0.000000e+00
43	0	con	0.000000e+00
43	1	cost	0.000000e+00
43	1	con	0.000000e+00
43	2	cost	-0.000000e+00
43	2	con	0.000000e+00
43	3	cost	0.000000e+00
43	3	con	-0.000000e+00
43	4	cost	0.000000e+00
43	4	con	0.000000e+00
43	5	cost	-0.000000e+00
43	5	con	0.000000e+00
43	6	cost	0.000000e+00
43	6	con	-0.000000e+00
43	7	cost	-0.000000e+00
43	7	con	-0.000000e+00
43	8	cost	0.000000e+00
43	8	con	-0.000000e+00
43	9	cost	-0.000000e+00
43	9	con	-0.000000e+00
44	0	cost	0.000000e+00
44	0	con	-0.000000e+00
44	1	cost	-0.000000e+00
44	1	con	-0.000000e+00
44	2	cost	-0.000000e+00
44	2	con	0.000000e+00
44	3	cost	0.000000e+00
44	3	con	0.000000e+00
44	4	cost	0.000000e+00
44	4	con	0.000000e+00
44	5	cost	0.000000e+00
44	5	con	0.000000e+00
44	6	cost	0.000000e+00
44	6	con	0.000000e+00
44	7	cost	-0.000000e+00
44	7	con	-0.000000e+00
44	8	cost	0.000000e+00
44	8	con	-0.000000e+00
44	9	cost	-0.000000e+00
44	9	con	0.000000e+00
45	0	cost	-0.000000e+00
45	0	con	0.000000e+00
45	1	cost	-0.000000e+00
45	1	con	-0.000000e+00
45	2	cost	-0.000000e+00
45	2	con	-0.000000e+00
45	3	cost	-0.000000e+00
45	3	con	-0.000000e+00
45	4	cost	0.000000e+00
45	4	con	-0.000000e+00
45	5	cost	0.000000e+00
45	5	con	0.000000e+00
45	6	cost	-0.000000e+00
45	6	con	-0.000000e+00
45	7	cost	0.000000e+00
45	7	con	0.000000e+00
45	8	cost	-0.000000e+00
45	8	con	-0.000000e+00
45	9	cost	0.000000e+00
45	9	con	-0.000000e+00
46	0	cost	-0.000000e+00
46	0	con	-0.000000e+00
46	1	cost	-0.000000e+00
46	1	con	-0.000000e+00
46	2	cost	0.000000e+00
46	2	con	-0.000000e+00
46	3	cost	-0.000000e+00
46	3	con	0.000000e+00
46	4	cost	-0.000000e+00
46	4	con	0.000000e+00
46	5	cost	-0.000000e+00
46	5	con	0.000000e+00
46	6	cost	-0.000000e+00
46	6	con	0.000000e+00
46	7	cost	-0.000000e+00
46	7	con	-0.000000e+00
46	8	cost	0.000000e+00
46	8	con	-0.000000e+00
46	9	cost	0.000000e+00
46	9	con	0.000000e+00
47	0	cost	-0.000000e+00
47	0	con	0.000000e+00
47	1	cost	-0.000000e+00
47	1	con	0.000000e+00
47	2	cost	0.000000e+00
47	2	con	-0.000000e+00
47	3	cost	0.000000e+00
47	3	con	0.000000e+00
47	4	cost	0.000000e+00
47	4	con	0.000000e+00
47	5	cost	-0.000000e+00
47	5	con	0.000000e+00
47	6	cost	-0.000000e+00
47	6	con	0.000000e+00
47	7	cost	0.000000e+00
47	7	con	0.000000e+00
47	8	cost	0.000000e+00
47	8	con	0.000000e+00
47	9	cost	-0.000000e+00
47	9	con	0.000000e+00
48	0	cost	-0.000000e+00
48	0	con	0.000000e+00
48	1	cost	-0.000000e+00
48	1	con	-0.000000e+00
48	2	cost	0.000000e+00
48	2	con	-0.000000e+00
48	3	cost	0.000000e+00
48	3	con	0.000000e+00
48	4	cost	0.000000e+00
48	4	con	-0.000000e+00
48	5	cost	0.000000e+00
48	5	con	0.000000e+00
48	6	cost	0.000000e+00
48	6	con	0.000000e+00
48	7	cost	-0.000000e+00
48	7	con	-0.000000e+00
48	8	cost	0.000000e+00
48	8	con	-0.000000e+00
48	9	cost	0.000000e+00
48	9	con	-0.000000e+00
49	0	cost	0.000000e+00
49	0	con	0.000000e+00
49	1	cost	-0.000000e+00
49	1	con	-0.000000e+00
49	2	cost	0.000000e+00
49	2	con	0.000000e+00
49	3	cost	-0.000000e+00
49	3	con	0.000000e+00
49	4	cost	0.000000e+00
49	4	con	-0.000000e+00
49	5	cost	-0.000000e+00
49	5	con	-0.000000e+00
49	6	cost	-0.000000e+00
49	6	con	-0.000000e+00
49	7	cost	0.000000e+00
49	7	con	0.000000e+00
49	8	cost	-0.000000e+00
49	8	con	-0.000000e+00
49	9	cost	-0.000000e+00
49	9	con	0.000000e+00
50	0	cost	0.000000e+00
50	0	con	-0.000000e+00
50	1	cost	-0.000000e+00
50	1	con	-0.000000e+00
50	2	cost	-0.000000e+00
50	2	con	0.000000e+00
50	3	cost	0.000000e+00
50	3	con	-0.000000e+00
50	4	cost	0.000000e+00
50	4	con	-0.000000e+00
50	5	cost	-0.000000e+00
50	5	con	0.000000e+00
50	6	cost	-0.000000e+00
50	6	con	0.000000e+00
50	7	cost	-0.000000e+00
50	7	con	0.000000e+00
50	8	cost	0.000000e+00
50	8	con	0.000000e+00
50	9	cost	-0.000000e+00
50	9	con	0.000000e+00
51	0	cost	0.000000e+00
51	0	con	-0.000000e+00
51	1	cost	0.000000e+00
51	1	con	-0.000000e+00
51	2	cost	-0.000000e+00
51	2	con	0.000000e+00
51	3	cost	0.000000e+00
51	3	con	0.000000e+00
51	4	cost	0.000000e+00
51	4	con	-0.000000e+00
51	5	cost	0.000000e+00
51	5	con	-0.000000e+00
51	6	cost	-0.000000e+00
51	6	con	-0.000000e+00
51	7	cost	-0.000000e+00
51	7	con	0.000000e+00
51	8	cost	-0.000000e+00
51	8	con	-0.000000e+00
51	9	cost	-0.000000e+00
51	9	con	0.000000e+00
52	0	cost	-0.000000e+00
52	0	con	0.000000e+00
52	1	cost	-0.000000e+00
52	1	con	0.000000e+00
52	2	cost	0.000000e+00
52	2	con	0.000000e+00
52	3	cost	-0.000000e+00
52	3	con	-0.000000e+00
52	4	cost	-0.000000e+00
52	4	con	0.000000e+00
52	5	cost	0.000000e+00
52	5	con	-0.000000e+00
52	6	cost	0.000000e+00
52	6	con	-0.000000e+00
52	7	cost	-0.000000e+00
52	7	con	0.000000e+00
52	8	cost	-0.000000e+00
52	8	con	-0.000000e+00
52	9	cost	0.000000e+00
52	9	con	0.000000e+00
53	0	cost	-0.000000e+00
53	0	con	0.000000e+00
53	1	cost	0.000000e+00
53	1	con	0.000000e+00
53	2	cost	-0.000000e+00
53	2	con	0.000000e+00
53	3	cost	0.000000e+00
53	3	con	-0.000000e+00
53	4	cost	0.000000e+00
53	4	con	0.000000e+00
53	5	cost	0.000000e+00
53	5	con	0.000000e+00
53	6	cost	0.000000e+00
53	6	con	-0.000000e+00
53	7	cost	0.000000e+00
53	7	con	0.000000e+00
53	8	cost	-0.000000e+00
53	8	con	-0.000000e+00
53	9	cost	-0.000000e+00
53	9	con	0.000000e+00
54	0	cost	-0.000000e+00
54	0	con	-0.000000e+00
54	1	cost	-0.000000e+00
54	1	con	-0.000000e+00
54	2	cost	-0.000000e+00
54	2	con	0.000000e+00
54	3	cost	0.000000e+00
54	3	con	-0.000000e+00
54	4	cost	0.000000e+00
54	4	con	-0.000000e+00
54	5	cost	-0.000000e+00
54	5	con	-0.000000e+00
54	6	cost	0.000000e+00
54	6	con	-0.000000e+00
54	7	cost	-0.000000e+00
54	7	con	-0.000000e+00
54	8	cost	0.000000e+00
54	8	con	0.000000e+00
54	9	cost	0.000000e+00
54	9	con	-0.000000e+00
55	0	cost	-0.000000e+00
55	0	con	-0.000000e+00
55	1	cost	-0.000000e+00
55	1	con	-0.000000e+00
55	2	cost	-0.000000e+00
55	2	con	-0.000000e+00
55	3	cost	0.000000e+00
55	3	con	-0.000000e+00
55	4	cost	0.000000e+00
55	4	con	0.000000e+00
55	5	cost	-0.000000e+00
55	5	con	-0.000000e+00
55	6	cost	0.000000e+00
55	6	con	0.000000e+00
55	7	cost	0.000000e+00
55	7	con	-0.000000e+00
55	8	cost	-0.000000e+00
55	8	con	0.000000e+00
55	9	cost	-0.000000e+00
55	9	con	-0.000000e+00
56	0	cost	-0.000000e+00
56	0	con	-0.000000e+00
56	1	cost	-0.000000e+00
56	1	con	0.000000e+00
56	2	cost	-0.000000e+00
56	2	con	-0.000000e+00
56	3	cost	0.000000e+00
56	3	con	0.000000e+00
56	4	cost	-0.000000e+00
56	4	con	0.000000e+00
56	5	cost	-0.000000e+00
56	5	con	-0.000000e+00
56	6	cost	-0.000000e+00
56	6	con	-0.000000e+00
56	7	cost	0.000000e+00
56	7	con	0.000000e+00
56	8	cost	0.000000e+00
56	8	con	0.000000e+00
56	9	cost	-0.000000e+00
56	9	con	-0.000000e+00
57	0	cost	0.000000e+00
57	0	con	-0.000000e+00
57	1	cost	-0.000000e+00
57	1	con	0.000000e+00
57	2	cost	0.000000e+00
57	2	con	0.000000e+00
57	3	cost	-0.000000e+00
57	3	con	0.000000e+00
57	4	cost	0.000000e+00
57	4	con	-0.000000e+00
57	5	cost	0.000000e+00
57	5	con	0.000000e+00
57	6	cost	-0.000000e+00
57	6	con	0.000000e+00
57	7	cost	0.000000e+00
57	7	con	0.000000e+00
57	8	cost	0.000000e+00
57	8	con	-0.000000e+00
57	9	cost	0.000000e+00
57	9	con	0.000000e+00
58	0	cost	0.000000e+00
58	0	con	-0.000000e+00
58	1	cost	0.000000e+00
58	1	con	-0.000000e+00
58	2	cost	-0.000000e+00
58	2	con	0.000000e+00
58	3	cost	-0.000000e+00
58	3	con	-0.000000e+00
58	4	cost	0.000000e+00
58	4	con	-0.000000e+00
58	5	cost	0.000000e+00
58	5	con	-0.000000e+00
58	6	cost	0.000000e+00
58	6	con	0.000000e+00
58	7	cost	-0.000000e+00
58	7	con	0.000000e+00
58	8	cost	0.000000e+00
58	8	con	-0.000000e+00
58	9	cost	0.000000e+00
58	9	con	0.000000e+00
59	0	cost	0.000000e+00
59	0	con	0.000000e+00
59	1	cost	0.000000e+00
59	1	con	-0.000000e+00
59	2	cost	-0.000000e+00
59	2	con	-0.000000e+00
59	3	cost	0.000000e+00
59	3	con	-0.000000e+00
59	4	cost	0.000000e+00
59	4	con	0.000000e+00
59	5	cost	-0.000000e+00
59	5	con	-0.000000e+00
59	6	cost	0.000000e+00
59	6	con	0.000000e+00
59	7	cost	0.000000e+00
59	7	con	0.000000e+00
59	8	cost	-0.000000e+00
59	8	con	-0.000000e+00
59	9	cost	-0.000000e+00
59	9	con	-0.000000e+00
60	0	cost	0.000000e+00
60	0	con	-0.000000e+00
60	1	cost	0.000000e+00
60	1	con	0.000000e+00
60	2	cost	0.000000e+00
60	2	con	0.000000e+00
60	3	cost	-0.000000e+00
60	3	con	-0.000000e+00
60	4	cost	-0.000000e+00
60	4	con	0.000000e+00
60	5	cost	-0.000000e+00
60	5	con	0.000000e+00
60	6	cost	0.000000e+00
60	6	con	0.000000e+00
60	7	cost	0.000000e+00
60	7	con	-0.000000e+00
60	8	cost	-0.000000e+00
60	8	con	0.000000e+00
60	9	cost	0.000000e+00
60	9	con	-0.000000e+00
61	0	cost	-0.000000e+00
61	0	con	0.000000e+00
61	1	cost	-0.000000e+00
61	1	con	0.000000e+00
61	2	cost	0.000000e+00
61	2	con	0.000000e+00
61	3	cost	0.000000e+00
61	3	con	0.000000e+00
61	4	cost	-0.000000e+00
61	4	con	0.000000e+00
61	5	cost	-0.000000e+00
61	5	con	-0.000000e+00
61	6	cost	-0.000000e+00
61	6	con	0.000000e+00
61	7	cost	-0.000000e+00
61	7	con	0.000000e+00
61	8	cost	-0.000000e+00
61	8	con	-0.000000e+00
61	9	cost	0.000000e+00
61	9	con	0.000000e+00
62	0	cost	0.000000e+00
62	0	con	0.000000e+00
62	1	cost	-0.000000e+00
62	1	con	0.000000e+00
62	2	cost	0.000000e+00
62	2	con	0.000000e+00
62	3	cost	0.000000e+00
62	3	con	-0.000000e+00
62	4	cost	-0.000000e+00
62	4	con	-0.000000e+00
62	5	cost	0.000000e+00
62	5	con	-0.000000e+00
62	6	cost	-0.000000e+00
62	6	con	0.000000e+00
62	7	cost	0.000000e+00
62	7	con	0.000000e+00
62	8	cost	-0.000000e+00
62	8	con	-0.000000e+00
62	9	cost	0.000000e+00
62	9	con	0.000000e+00
63	0	cost	0.000000e+00
63	0	con	-0.000000e+00
63	1	cost	-0.000000e+00
63	1	con	-0.000000e+00
63	2	cost	0.000000e+00
63	2	con	-0.000000e+00
63	3	cost	-0.000000e+00
63	3	con	-0.000000e+00
63	4	cost	-0.000000e+00
63	4	con	-0.000000e+00
63	5	cost	-0.000000e+00
63	5	con	0.000000e+00
63	6	cost	-0.000000e+00
63	6	con	-0.000000e+00
63	7	cost	-0.000000e+00
63	7	con	-0.000000e+00
63	8	cost	0.000000e+00
63	8	con	0.000000e+00
63	9	cost	-0.000000e+00
63	9	con	0.000000e+00
64	0	cost	-0.000000e+00
64	0	con	-0.000000e+00
64	1	cost	-0.000000e+00
64	1	con	-0.000000e+00
64	2	cost	-0.000000e+00
64	2	con	0.000000e+00
64	3	cost	-0.000000e+00
64	3	con	-0.000000e+00
64	4	cost	-0.000000e+00
64	4	con	-0.000000e+00
64	5	cost	0.000000e+00
64	5	con	0.000000e+00
64	6	cost	-0.000000e+00
64	6	con	-0.000000e+00
64	7	cost	0.000000e+00
64	7	con	0.000000e+00
64	8	cost	-0.000000e+00
64	8	con	0.000000e+00
64	9	cost	-0.000000e+00
64	9	con	-0.000000e+00
65	0	cost	0.000000e+00
65	0	con	-0.000000e+00
65	1	cost	-0.000000e+00
65	1	con	0.000000e+00
65	2	cost	0.000000e+00
65	2	con	-0.000000e+00
65	3	cost	0.000000e+00
65	3	con	0.000000e+00
65	4	cost	0.000000e+00
65	4	con	-0.000000e+00
65	5	cost	0.000000e+00
65	5	con	-0.000000e+00
65	6	cost	0.000000e+00
65	6	con	0.000000e+00
65	7	cost	0.000000e+00
65	7	con	-0.000000e+00
65	8	cost	-0.000000e+00
65	8	con	0.000000e+00
65	9	cost	-0.000000e+00
65	9	con	0.000000e+00
66	0	cost	0.000000e+00
66	0	con	-0.000000e+00
66	1	cost	0.000000e+00
66	1	con	-0.000000e+00
66	2	cost	-0.000000e+00
66	2	con	-0.000000e+00
66	3	cost	0.000000e+00
66	3	con	-0.000000e+00
66	4	cost	0.000000e+00
66	4	con	-0.000000e+00
66	5	cost	-0.000000e+00
66	5	con	-0.000000e+00
66	6	cost	-0.000000e+00
66	6	con	0.000000e+00
66	7	cost	-0.000000e+00
66	7	con	0.000000e+00
66	8	cost	-0.000000e+00
66	8	con	0.000000e+00
66	9	cost	-0.000000e+00
66	9	con	0.000000e+00
67	0	cost	0.000000e+00
67	0	con	-0.000000e+00
67	1	cost	-0.000000e+00
67	1	con	0.000000e+00
67	2	cost	0.000000e+00
67	2	con	-0.000000e+00
67	3	cost	-0.000000e+00
67	3	con	-0.000000e+00
67	4	cost	0.000000e+00
67	4	con	-0.000000e+00
67	5	cost	0.000000e+00
67	5	con	-0.000000e+00
67	6	cost	-0.000000e+00
67	6	con	-0.000000e+00
67	7	cost	0.000000e+00
67	7	con	-0.000000e+00
67	8	cost	-0.000000e+00
67	8	con	-0.000000e+00
67	9	cost	0.000000e+00
67	9	con	-0.000000e+00
68	0	cost	0.000000e+00
68	0	con	0.000000e+00
68	1	cost	-0.000000e+00
68	1	con	0.000000e+00
68	2	cost	0.000000e+00
68	2	con	0.000000e+00
68	3	cost	0.000000e+00
68	3	con	0.000000e+00
68	4	cost	0.000000e+00
68	4	con	0.000000e+00
68	5	cost	0.000000e+00
68	5	con	0.000000e+00
68	6	cost	-0.000000e+00
68	6	con	0.000000e+00
68	7	cost	0.000000e+00
68	7	con	-0.000000e+00
68	8	cost	-0.000000e+00
68	8	con	-0.000000e+00
68	9	cost	0.000000e+00
68	9	con	-0.000000e+00
69	0	cost	0.000000e+00
69	0	con	0.000000e+00
69	1	cost	-0.000000e+00
69	1	con	-0.000000e+00
69	2	cost	0.000000e+00
69	2	con	-0.000000e+00
69	3	cost	-0.000000e+00
69	3	con	-0.000000e+00
69	4	cost	0.000000e+00
69	4	con	-0.000000e+00
69	5	cost	0.000000e+00
69	5	con	-0.000000e+00
69	6	cost	-0.000000e+00
69	6	con	0.000000e+00
69	7	cost	0.000000e+00
69	7	con	0.000000e+00
69	8	cost	0.000000e+00
69	8	con	-0.000000e+00
69	9	cost	-0.000000e+00
69	9	con	-0.000000e+00
70	0	cost	0.000000e+00
70	0	con	0.000000e+00
70	1	cost	-0.000000e+00
70	1	con	0.000000e+00
70	2	cost	-0.000000e+00
70	2	con	-0.000000e+00
70	3	cost	-0.000000e+00
70	3	con	0.000000e+00
70	4	cost	0.000000e+00
70	4	con	0.000000e+00
70	5	cost	0.000000e+00
70	5	con	-0.000000e+00
70	6	cost	-0.000000e+00
70	6	con	-0.000000e+00
70	7	cost	-0.000000e+00
70	7	con	-0.000000e+00
70	8	cost	-0.000000e+00
70	8	con	0.000000e+00
70	9	cost	-0.000000e+00
70	9	con	-0.000000e+00
71	0	cost	0.000000e+00
71	0	con	0.000000e+00
71	1	cost	-0.000000e+00
71	1	con	0.000000e+00
71	2	cost	-0.000000e+00
71	2	con	-0.000000e+00
71	3	cost	-0.000000e+00
71	3	con	-0.000000e+00
71	4	cost	-0.000000e+00
71	4	con	-0.000000e+00
71	5	cost	-0.000000e+00
71	5	con	0.000000e+00
71	6	cost	-0.000000e+00
71	6	con	-0.000000e+00
71	7	cost	0.000000e+00
71	7	con	0.000000e+00
71	8	cost	-0.000000e+00
71	8	con	0.000000e+00
71	9	cost	0.000000e+00
71	9	con	0.000000e+00
72	0	cost	0.000000e+00
72	0	con	-0.000000e+00
72	1	cost	-0.000000e+00
72	1	con	0.000000e+00
72	2	cost	-0.000000e+00
72	2	con	-0.000000e+00
72	3	cost	-0.000000e+00
72	3	con	-0.000000e+00
72	4	cost	0.000000e+00
72	4	con	-0.000000e+00
72	5	cost	-0.000000e+00
72	5	con	-0.000000e+00
72	6	cost	-0.000000e+00
72	6	con	-0.000000e+00
72	7	cost	0.000000e+00
72	7	con	0.000000e+00
72	8	cost	0.000000e+00
72	8	con	0.000000e+00
72	9	cost	0.000000e+00
72	9	con	-0.000000e+00
73	0	cost	-0.000000e+00
73	0	con	0.000000e+00
73	1	cost	-0.000000e+00
73	1	con	0.000000e+00
73	2	cost	0.000000e+00
73	2	con	-0.000000e+00
73	3	cost	0.000000e+00
73	3	con	0.000000e+00
73	4	cost	0.000000e+00
73	4	con	0.000000e+00
73	5	cost	-0.000000e+00
73	5	con	-0.000000e+00
73	6	cost	-0.000000e+00
73	6	con	0.000000e+00
73	7	cost	0.000000e+00
73	7	con	-0.000000e+00
73	8	cost	0.000000e+00
73	8	con	-0.000000e+00
73	9	cost	0.000000e+00
73	9	con	-0.000000e+00
74	0	cost	-0.000000e+00
74	0	con	-0.000000e+00
74	1	cost	-0.000000e+00
74	1	con	0.000000e+00
74	2	cost	0.000000e+00
74	2	con	0.000000e+00
74	3	cost	0.000000e+00
74	3	con	0.000000e+00
74	4	cost	-0.000000e+00
74	4	con	-0.000000e+00
74	5	cost	-0.000000e+00
74	5	con	-0.000000e+00
74	6	cost	0.000000e+00
74	6	con	0.000000e+00
74	7	cost	0.000000e+00
74	7	con	-0.000000e+00
74	8	cost	-0.000000e+00
74	8	con	0.000000e+00
74	9	cost	0.000000e+00
74	9	con	-0.000000e+00
75	0	cost	-0.000000e+00
75	0	con	-0.000000e+00
75	1	cost	0.000000e+00
75	1	con	0.000000e+00
75	2	cost	-0.000000e+00
75	2	con	-0.000000e+00
75	3	cost	0.000000e+00
75	3	con	0.000000e+00
75	4	cost	0.000000e+00
75	4	con	-0.000000e+00
75	5	cost	0.000000e+00
75	5	con	0.000000e+00
75	6	cost	0.000000e+00
75	6	con	0.000000e+00
75	7	cost	-0.000000e+00
75	7	con	-0.000000e+00
75	8	cost	0.000000e+00
75	8	con	-0.000000e+00
75	9	cost	0.000000e+00
75	9	con	0.000000e+00
76	0	cost	0.000000e+00
76	0	con	0.000000e+00
76	1	cost	0.000000e+00
76	1	con	-0.000000e+00
76	2	cost	-0.000000e+00
76	2	con	-0.000000e+00
76	3	cost	-0.000000e+00
76	3	con	-0.000000e+00
76	4	cost	-0.000000e+00
76	4	con	-0.000000e+00
76	5	cost	-0.000000e+00
76	5	con	-0.000000e+00
76	6	cost	0.000000e+00
76	6	con	-0.000000e+00
76	7	cost	-0.000000e+00
76	7	con	-0.000000e+00
76	8	cost	-0.000000e+00
76	8	con	-0.000000e+00
76	9	cost	-0.000000e+00
76	9	con	0.000000e+00
77	0	cost	0.000000e+00
77	0	con	0.000000e+00
77	1	cost	0.000000e+00
77	1	con	-0.000000e+00
77	2	cost	-0.000000e+00
77	2	con	-0.000000e+00
77	3	cost	0.000000e+00
77	3	con	-0.000000e+00
77	4	cost	0.000000e+00
77	4	con	0.000000e+00
77	5	cost	0.000000e+00
77	5	con	-0.000000e+00
77	6	cost	-0.000000e+00
77	6	con	-0.000000e+00
77	7	cost	-0.000000e+00
77	7	con	-0.000000e+00
77	8	cost	0.000000e+00
77	8	con	-0.000000e+00
77	9	cost	0.000000e+00
77	9	con	-0.000000e+00
78	0	cost	0.000000e+00
78	0	con	0.000000e+00
78	1	cost	-0.000000e+00
78	1	con	0.000000e+00
78	2	cost	0.000000e+00
78	2	con	-0.000000e+00
78	3	cost	-0.000000e+00
78	3	con	0.000000e+00
78	4	cost	-0.000000e+00
78	4	con	0.000000e+00
78	5	cost	-0.000000e+00
78	5	con	-0.000000e+00
78	6	cost	0.000000e+00
78	6	con	-0.000000e+00
78	7	cost	0.000000e+00
78	7	con	0.000000e+00
78	8	cost	-0.000000e+00
78	8	con	-0.000000e+00
78	9	cost	-0.000000e+00
78	9	con	0.000000e+00
79	0	cost	0.000000e+00
79	0	con	-0.000000e+00
79	1	cost	0.000000e+00
79	1	con	0.000000e+00
79	2	cost	0.000000e+00
79	2	con	-0.000000e+00
79	3	cost	-0.000000e+00
79	3	con	0.000000e+00
79	4	cost	-0.000000e+00
79	4	con	0.000000e+00
79	5	cost	0.000000e+00
79	5	con	-0.000000e+00
79	6	cost	0.000000e+00
79	6	con	0.000000e+00
79	7	cost	-0.000000e+00
79	7	con	0.000000e+00
79	8	cost	0.000000e+00
79	8	con	-0.000000e+00
79	9	cost	0.000000e+00
79	9	con	0.000000e+00
80	0	cost	0.000000e+00
80	0	con	0.000000e+00
80	1	cost	-0.000000e+00
80	1	con	0.000000e+00
80	2	cost	-0.000000e+00
80	2	con	-0.000000e+00
80	3	cost	0.000000e+00
80	3	con	-0.000000e+00
80	4	cost	0.000000e+00
80	4	con	0.000000e+00
80	5	cost	0.000000e+00
80	5	con	-0.000000e+00
80	6	cost	-0.000000e+00
80	6	con	0.000000e+00
80	7	cost	0.000000e+00
80	7	con	-0.000000e+00
80	8	cost	-0.000000e+00
80	8	con	-0.000000e+00
80	9	cost	0.000000e+00
80	9	con	0.000000e+00
81	0	cost	0.000000e+00
81	0	con	0.000000e+00
81	1	cost	-0.000000e+00
81	1	con	0.000000e+00
81	2	cost	0.000000e+00
81	2	con	0.000000e+00
81	3	cost	0.000000e+00
81	3	con	-0.000000e+00
81	4	cost	-0.000000e+00
81	4	con	-0.000000e+00
81	5	cost	0.000000e+00
81	5	con	-0.000000e+00
81	6	cost	0.000000e+00
81	6	con	-0.000000e+00
81	7	cost	-0.000000e+00
81	7	con	0.000000e+00
81	8	cost	0.000000e+00
81	8	con	-0.000000e+00
81	9	cost	0.000000e+00
81	9	con	0.000000e+00
82	0	cost	0.000000e+00
82	0	con	-0.000000e+00
82	1	cost	-0.000000e+00
82	1	con	0.000000e+00
82	2	cost	-0.000000e+00
82	2	con	-0.000000e+00
82	3	cost	0.000000e+00
82	3	con	-0.000000e+00
82	4	cost	-0.000000e+00
82	4	con	-0.000000e+00
82	5	cost	0.000000e+00
82	5	con	-0.000000e+00
82	6	cost	-0.000000e+00
82	6	con	0.000000e+00
82	7	cost	0.000000e+00
82	7	con	0.000000e+00
82	8	cost	-0.000000e+00
82	8	con	-0.000000e+00
82	9	cost	-0.000000e+00
82	9	con	0.000000e+00
83	0	cost	-0.000000e+00
83	0	con	-0.000000e+00
83	1	cost	0.000000e+00
83	1	con	-0.000000e+00
83	2	cost	0.000000e+00
83	2	con	-0.000000e+00
83	3	cost	0.000000e+00
83	3	con	0.000000e+00
83	4	cost	0.000000e+00
83	4	con	0.000000e+00
83	5	cost	-0.000000e+00
83	5	con	-0.000000e+00
83	6	cost	-0.000000e+00
83	6	con	-0.000000e+00
83	7	cost	0.000000e+00
83	7	con	-0.000000e+00
83	8	cost	0.000000e+00
83	8	con	0.000000e+00
83	9	cost	-0.000000e+00
83	9	con	0.000000e+00
84	0	cost	-0.000000e+00
84	0	con	0.000000e+00
84	1	cost	0.000000e+00
84	1	con	0.000000e+00
84	2	cost	-0.000000e+00
84	2	con	-0.000000e+00
84	3	cost	0.000000e+00
84	3	con	0.000000e+00
84	4	cost	0.000000e+00
84	4	con	0.000000e+00
84	5	cost	-0.000000e+00
84	5	con	0.000000e+00
84	6	cost	0.000000e+00
84	6	con	-0.000000e+00
84	7	cost	0.000000e+00
84	7	con	-0.000000e+00
84	8	cost	0.000000e+00
84	8	con	-0.000000e+00
84	9	cost	-0.000000e+00
84	9	con	0.000000e+00
85	0	cost	-0.000000e+00
85	0	con	0.000000e+00
85	1	cost	0.000000e+00
85	1	con	0.000000e+00
85	2	cost	0.000000e+00
85	2	con	-0.000000e+00
85	3	cost	0.000000e+00
85	3	con	-0.000000e+00
85	4	cost	-0.000000e+00
85	4	con	0.000000e+00
85	5	cost	-0.000000e+00
85	5	con	-0.000000e+00
85	6	cost	-0.000000e+00
85	6	con	-0.000000e+00
85	7	cost	-0.000000e+00
85	7	con	-0.000000e+00
85	8	cost	0.000000e+00
85	8	con	-0.000000e+00
85	9	cost	0.000000e+00
85	9	con	0.000000e+00
86	0	cost	-0.000000e+00
86	0	con	0.000000e+00
86	1	cost	-0.000000e+00
86	1	con	-0.000000e+00
86	2	cost	0.000000e+00
86	2	con	-0.000000e+00
86	3	cost	0.000000e+00
86	3	con	-0.000000e+00
86	4	cost	-0.000000e+00
86	4	con	-0.000000e+00
86	5	cost	0.000000e+00
86	5	con	0.000000e+00
86	6	cost	-0.000000e+00
86	6	con	0.000000e+00
86	7	cost	-0.000000e+00
86	7	con	-0.000000e+00
86	8	cost	0.000000e+00
86	8	con	-0.000000e+00
86	9	cost	-0.000000e+00
86	9	con	0.000000e+00
87	0	cost	0.000000e+00
87	0	con	0.000000e+00
87	1	cost	0.000000e+00
87	1	con	-0.000000e+00
87	2	cost	-0.000000e+00
87	2	con	0.000000e+00
87	3	cost	0.000000e+00
87	3	con	-0.000000e+00
87	4	cost	0.000000e+00
87	4	con	-0.000000e+00
87	5	cost	0.000000e+00
87	5	con	0.000000e+00
87	6	cost	-0.000000e+00
87	6	con	-0.000000e+00
87	7	cost	-0.000000e+00
87	7	con	0.000000e+00
87	8	cost	0.000000e+00
87	8	con	-0.000000e+00
87	9	cost	0.000000e+00
87	9	con	-0.000000e+00
88	0	cost	0.000000e+00
88	0	con	0.000000e+00
88	1	cost	-0.000000e+00
88	1	con	0.000000e+00
88	2	cost	0.000000e+00
88	2	con	-0.000000e+00
88	3	cost	0.000000e+00
88	3	con	0.000000e+00
88	4	cost	-0.000000e+00
88	4	con	0.000000e+00
88	5	cost	-0.000000e+00
88	5	con	0.000000e+00
88	6	cost	-0.000000e+00
88	6	con	-0.000000e+00
88	7	cost	0.000000e+00
88	7	con	0.000000e+00
88	8	cost	-0.000000e+00
88	8	con	-0.000000e+00
88	9	cost	-0.000000e+00
88	9	con	0.000000e+00
89	0	cost	0.000000e+00
89	0	con	-0.000000e+00
89	1	cost	0.000000e+00
89	1	con	-0.000000e+00
89	2	cost	-0.000000e+00
89	2	con	-0.000000e+00
89	3	cost	0.000000e+00
89	3	con	0.000000e+00
89	4	cost	-0.000000e+00
89	4	con	0.000000e+00
89	5	cost	-0.000000e+00
89	5	con	0.000000e+00
89	6	cost	-0.000000e+00
89	6	con	-0.000000e+00
89	7	cost	-0.000000e+00
89	7	con	0.000000e+00
89	8	cost	0.000000e+00
89	8	con	0.000000e+00
89	9	cost	0.000000e+00
89	9	con	0.000000e+00
90	0	cost	-0.000000e+00
90	0	con	0.000000e+00
90	1	cost	-0.000000e+00
90	1	con	-0.000000e+00
90	2	cost	0.000000e+00
90	2	con	0.000000e+00
90	3	cost	-0.000000e+00
90	3	con	-0.000000e+00
90	4	cost	0.000000e+00
90	4	con	0.000000e+00
90	5	cost	0.000000e+00
90	5	con	-0.000000e+00
90	6	cost	-0.000000e+00
90	6	con	-0.000000e+00
90	7	cost	0.000000e+00
90	7	con	0.000000e+00
90	8	cost	-0.000000e+00
90	8	con	-0.000000e+00
90	9	cost	0.000000e+00
90	9	con	0.000000e+00
91	0	cost	0.000000e+00
91	0	con	0.000000e+00
91	1	cost	0.000000e+00
91	1	con	-0.000000e+00
91	2	cost	0.000000e+00
91	2	con	0.000000e+00
91	3	cost	-0.000000e+00
91	3	con	-0.000000e+00
91	4	cost	-0.000000e+00
91	4	con	-0.000000e+00
91	5	cost	-0.000000e+00
91	5	con	0.000000e+00
91	6	cost	-0.000000e+00
91	6	con	0.000000e+00
91	7	cost	0.000000e+00
91	7	con	0.000000e+00
91	8	cost	-0.000000e+00
91	8	con	-0.000000e+00
91	9	cost	0.000000e+00
91	9	con	0.000000e+00
92	0	cost	-0.000000e+00
92	0	con	0.000000e+00
92	1	cost	-0.000000e+00
92	1	con	-0.000000e+00
92	2	cost	0.000000e+00
92	2	con	0.000000e+00
92	3	cost	-0.000000e+00
92	3	con	0.000000e+00
92	4	cost	-0.000000e+00
92	4	con	-0.000000e+00
92	5	cost	0.000000e+00
92	5	con	-0.000000e+00
92	6	cost	0.000000e+00
92	6	con	-0.000000e+00
92	7	cost	-0.000000e+00
92	7	con	-0.000000e+00
92	8	cost	-0.000000e+00
92	8	con	0.000000e+00
92	9	cost	0.000000e+00
92	9	con	0.000000e+00
93	0	cost	-0.000000e+00
93	0	con	0.000000e+00
93	1	cost	0.000000e+00
93	1	con	0.000000e+00
93	2	cost	-0.000000e+00
93	2	con	-0.000000e+00
93	3	cost	-0.000000e+00
93	3	con	-0.000000e+00
93	4	cost	0.000000e+00
93	4	con	-0.000000e+00
93	5	cost	0.000000e+00
93	5	con	0.000000e+00
93	6	cost	-0.000000e+00
93	6	con	-0.000000e+00
93	7	cost	-0.000000e+00
93	7	con	-0.000000e+00
93	8	cost	-0.000000e+00
93	8	con	-0.000000e+00
93	9	cost	-0.000000e+00
93	9	con	-0.000000e+00
94	0	cost	-0.000000e+00
94	0	con	0.000000e+00
94	1	cost	-0.000000e+00
94	1	con	0.000000e+00
94	2	cost	0.000000e+00
94	2	con	-0.000000e+00
94	3	cost	0.000000e+00
94	3	con	0.000000e+00
94	4	cost	0.000000e+00
94	4	con	-0.000000e+00
94	5	cost	-0.000000e+00
94	5	con	-0.000000e+00
94	6	cost	0.000000e+00
94	6	con	0.000000e+00
94	7	cost	-0.000000e+00
94	7	con	0.000000e+00
94	8	cost	-0.000000e+00
94	8	con	-0.000000e+00
94	9	cost	0.000000e+00
94	9	con	0.000000e+00
95	0	cost	0.000000e+00
95	0	con	-0.000000e+00
95	1	cost	0.000000e+00
95	1	con	0.000000e+00
95	2	cost	-0.000000e+00
95	2	con	0.000000e+00
95	3	cost	0.000000e+00
95	3	con	-0.000000e+00
95	4	cost	-0.000000e+00
95	4	con	0.000000e+00
95	5	cost	0.000000e+00
95	5	con	0.000000e+00
95	6	cost	-0.000000e+00
95	6	con	0.000000e+00
95	7	cost	-0.000000e+00
95	7	con	0.000000e+00
95	8	cost	-0.000000e+00
95	8	con	-0.000000e+00
95	9	cost	-0.000000e+00
95	9	con	0.000000e+00
96	0	cost	0.000000e+00
96	0	con	-0.000000e+00
96	1	cost	-0.000000e+00
96	1	con	0.000000e+00
96	2	cost	-0.000000e+00
96	2	con	-0.000000e+00
96	3	cost	0.000000e+00
96	3	con	-0.000000e+00
96	4	cost	0.000000e+00
96	4	con	-0.000000e+00
96	5	cost	-0.000000e+00
96	5	con	-0.000000e+00
96	6	cost	0.000000e+00
96	6	con	0.000000e+00
96	7	cost	-0.000000e+00
96	7	con	0.000000e+00
96	8	cost	-0.000000e+00
96	8	con	0.000000e+00
96	9	cost	0.000000e+00
96	9	con	0.000000e+00
97	0	cost	0.000000e+00
97	0	con	0.000000e+00
97	1	cost	0.000000e+00
97	1	con	0.000000e+00
97	2	cost	-0.000000e+00
97	2	con	-0.000000e+00
97	3	cost	-0.000000e+00
97	3	con	0.000000e+00
97	4	cost	-0.000000e+00
97	4	con	0.000000e+00
97	5	cost	-0.000000e+00
97	5	con	0.000000e+00
97	6	cost	-0.000000e+00
97	6	con	0.000000e+00
97	7	cost	0.000000e+00
97	7	con	-0.000000e+00
97	8	cost	0.000000e+00
97	8	con	-0.000000e+00
97	9	cost	-0.000000e+00
97	9	con	-0.000000e+00
98	0	cost	-0.000000e+00
98	0	con	-0.000000e+00
98	1	cost	0.000000e+00
98	1	con	0.000000e+00
98	2	cost	0.000000e+00
98	2	con	-0.000000e+00
98	3	cost	0.000000e+00
98	3	con	0.000000e+00
98	4	cost	-0.000000e+00
98	4	con	0.000000e+00
98	5	cost	-0.000000e+00
98	5	con	0.000000e+00
98	6	cost	0.000000e+00
98	6	con	0.000000e+00
98	7	cost	-0.000000e+00
98	7	con	-0.000000e+00
98	8	cost	-0.000000e+00
98	8	con	0.000000e+00
98	9	cost	0.000000e+00
98	9	con	-0.000000e+00
99	0	cost	-0.000000e+00
99	0	con	0.000000e+00
99	1	cost	-0.000000e+00
99	1	con	0.000000e+00
99	2	cost	0.000000e+00
99	2	con	0.000000e+00
99	3	cost	0.000000e+00
99	3	con	0.000000e+00
99	4	cost	-0.000000e+00
99	4	con	0.000000e+00
99	5	cost	-0.000000e+00
99	5	con	-0.000000e+00
99	6	cost	0.000000e+00
99	6	con	0.000000e+00
99	7	cost	-0.000000e+00
99	7	con	-0.000000e+00
99	8	cost	0.000000e+00
99	8	con	0.000000e+00
99	9	cost	0.000000e+00
99	9	con	0.000000e+00
100	0	cost	0.000000e+00
100	0	con	0.000000e+00
100	1	cost	0.000000e+00
100	1	con	0.000000e+00
100	2	cost	-0.000000e+00
100	2	con	0.000000e+00
100	3	cost	0.000000e+00
100	3	con	-0.000000e+00
100	4	cost	-0.000000e+00
100	4	con	-0.000000e+00
100	5	cost	-0.000000e+00
100	5	con	0.000000e+00
100	6	cost	0.000000e+00
100	6	con	0.000000e+00
100	7	cost	-0.000000e+00
100	7	con	-0.000000e+00
100	8	cost	-0.000000e+00
100	8	con	0.000000e+00
100	9	cost	-0.000000e+00
100	9	con	0.000000e+00
101	0	cost	0.000000e+00
101	0	con	-0.000000e+00
101	1	cost	-0.000000e+00
101	1	con	-0.000000e+00
101	2	cost	0.000000e+00
101	2	con	-0.000000e+00
101	3	cost	-0.000000e+00
101	3	con	0.000000e+00
101	4	cost	0.000000e+00
101	4	con	-0.000000e+00
101	5	cost	-0.000000e+00
101	5	con	0.000000e+00
101	6	cost	0.000000e+00
101	6	con	-0.000000e+00
101	7	cost	-0.000000e+00
101	7	con	-0.000000e+00
101	8	cost	0.000000e+00
101	8	con	0.000000e+00
101	9	cost	0.000000e+00
101	9	con	-0.000000e+00
102	0	cost	-0.000000e+00
102	0	con	-0.000000e+00
102	1	cost	-0.000000e+00
102	1	con	-0.000000e+00
102	2	cost	-0.000000e+00
102	2	con	-0.000000e+00
102	3	cost	0.000000e+00
102	3	con	0.000000e+00
102	4	cost	0.000000e+00
102	4	con	0.000000e+00
102	5	cost	-0.000000e+00
102	5	con	-0.000000e+00
102	6	cost	0.000000e+00
102	6	con	-0.000000e+00
102	7	cost	0.000000e+00
102	7	con	-0.000000e+00
102	8	cost	0.000000e+00
102	8	con	-0.000000e+00
102	9	cost	0.000000e+00
102	9	con	0.000000e+00
103	0	cost	0.000000e+00
103	0	con	0.000000e+00
103	1	cost	0.000000e+00
103	1	con	0.000000e+00
103	2	cost	-0.000000e+00
103	2	con	0.000000e+00
103	3	cost	0.000000e+00
103	3	con	0.000000e+00
103	4	cost	0.000000e+00
103	4	con	0.000000e+00
103	5	cost	0.000000e+00
103	5	con	0.000000e+00
103	6	cost	-0.000000e+00
103	6	con	0.000000e+00
103	7	cost	0.000000e+00
103	7	con	0.000000e+00
103	8	cost	0.000000e+00
103	8	con	0.000000e+00
103	9	cost	0.000000e+00
103	9	con	-0.000000e+00
104	0	cost	-0.000000e+00
104	0	con	0.000000e+00
104	1	cost	0.000000e+00
104	1	con	-0.000000e+00
104	2	cost	0.000000e+00
104	2	con	-0.000000e+00
104	3	cost	0.000000e+00
104	3	con	-0.000000e+00
104	4	cost	-0.000000e+00
104	4	con	-0.000000e+00
104	5	cost	-0.000000e+00
104	5	con	-0.000000e+00
104	6	cost	0.000000e+00
104	6	con	0.000000e+00
104	7	cost	0.000000e+00
104	7	con	-0.000000e+00
104	8	cost	0.000000e+00
104	8	con	0.000000e+00
104	9	cost	0.000000e+00
104	9	con	0.000000e+00
105	0	cost	-0.000000e+00
105	0	con	0.000000e+00
105	1	cost	0.000000e+00
105	1	con	-0.000000e+00
105	2	cost	-0.000000e+00
105	2	con	-0.000000e+00
105	3	cost	0.000000e+00
105	3	con	0.000000e+00
105	4	cost	0.000000e+00
105	4	con	0.000000e+00
105	5	cost	0.000000e+00
105	5	con	-0.000000e+00
105	6	cost	-0.000000e+00
105	6	con	0.000000e+00
105	7	cost	0.000000e+00
105	7	con	0.000000e+00
105	8	cost	-0.000000e+00
105	8	con	-0.000000e+00
105	9	cost	-0.000000e+00
105	9	con	-0.000000e+00
106	0	cost	0.000000e+00
106	0	con	-0.000000e+00
106	1	cost	0.000000e+00
106	1	con	0.000000e+00
106	2	cost	-0.000000e+00
106	2	con	-0.000000e+00
106	3	cost	0.000000e+00
106	3	con	0.000000e+00
106	4	cost	0.000000e+00
106	4	con	0.000000e+00
106	5	cost	-0.000000e+00
106	5	con	0.000000e+00
106	6	cost	-0.000000e+00
106	6	con	-0.000000e+00
106	7	cost	-0.000000e+00
106	7	con	0.000000e+00
106	8	cost	-0.000000e+00
106	8	con	-0.000000e+00
106	9	cost	0.000000e+00
106	9	con	-0.000000e+00
107	0	cost	0.000000e+00
107	0	con	0.000000e+00
107	1	cost	0.000000e+00
107	1	con	0.000000e+00
107	2	cost	-0.000000e+00
107	2	con	0.000000e+00
107	3	cost	0.000000e+00
107	3	con	-0.000000e+00
107	4	cost	0.000000e+00
107	4	con	-0.000000e+00
107	5	cost	0.000000e+00
107	5	con	-0.000000e+00
107	6	cost	0.000000e+00
107	6	con	0.000000e+00
107	7	cost	-0.000000e+00
107	7	con	0.000000e+00
107	8	cost	0.000000e+00
107	8	con	0.000000e+00
107	9	cost	0.000000e+00
107	9	con	-0.000000e+00
108	0	cost	0.000000e+00
108	0	con	-0.000000e+00
108	1	cost	0.000000e+00
108	1	con	0.000000e+00
108	2	cost	0.000000e+00
108	2	con	-0.000000e+00
108	3	cost	-0.000000e+00
108	3	con	-0.000000e+00
108	4	cost	-0.000000e+00
108	4	con	-0.000000e+00
108	5	cost	-0.000000e+00
108	5	con	0.000000e+00
108	6	cost	-0.000000e+00
108	6	con	0.000000e+00
108	7	cost	0.000000e+00
108	7	con	-0.000000e+00
108	8	cost	0.000000e+00
108	8	con	-0.000000e+00
108	9	cost	0.000000e+00
108	9	con	-0.000000e+00
109	0	cost	0.000000e+00
109	0	con	-0.000000e+00
109	1	cost	-0.000000e+00
109	1	con	-0.000000e+00
109	2	cost	-0.000000e+00
109	2	con	-0.000000e+00
109	3	cost	-0.000000e+00
109	3	con	-0.000000e+00
109	4	cost	0.000000e+00
109	4	con	0.000000e+00
109	5	cost	-0.000000e+00
109	5	con	-0.000000e+00
109	6	cost	0.000000e+00
109	6	con	-0.000000e+00
109	7	cost	-0.000000e+00
109	7	con	-0.000000e+00
109	8	cost	0.000000e+00
109	8	con	-0.000000e+00
109	9	cost	-0.000000e+00
109	9	con	-0.000000e+00
110	0	cost	-0.000000e+00
110	0	con	-0.000000e+00
110	1	cost	-0.000000e+00
110	1	con	0.000000e+00
110	2	cost	-0.000000e+00
110	2	con	0.000000e+00
110	3	cost	-0.000000e+00
110	3	con	0.000000e+00
110	4	cost	-0.000000e+00
110	4	con	-0.000000e+00
110	5	cost	-0.000000e+00
110	5	con	-0.000000e+00
110	6	cost	0.000000e+00
110	6	con	0.000000e+00
110	7	cost	0.000000e+00
110	7	con	0.000000e+00
110	8	cost	-0.000000e+00
110	8	con	-0.000000e+00
110	9	cost	-0.000000e+00
110	9	con	-0.000000e+00
111	0	cost	0.000000e+00
111	0	con	0.000000e+00
111	1	cost	0.000000e+00
111	1	con	0.000000e+00
111	2	cost	-0.000000e+00
111	2	con	0.000000e+00
111	3	cost	0.000000e+00
111	3	con	-0.000000e+00
111	4	cost	-0.000000e+00
111	4	con	0.000000e+00
111	5	cost	-0.000000e+00
111	5	con	0.000000e+00
111	6	cost	-0.000000e+00
111	6	con	-0.000000e+00
111	7	cost	-0.000000e+00
111	7	con	0.000000e+00
111	8	cost	0.000000e+00
111	8	con	0.000000e+00
111	9	cost	0.000000e+00
111	9	con	-0.000000e+00
112	0	cost	-0.000000e+00
112	0	con	-0.000000e+00
112	1	cost	0.000000e+00
112	1	con	0.000000e+00
112	2	cost	0.000000e+00
112	2	con	-0.000000e+00
112	3	cost	0.000000e+00
112	3	con	-0.000000e+00
112	4	cost	0.000000e+00
112	4	con	0.000000e+00
112	5	cost	0.000000e+00
112	5	con	0.000000e+00
112	6	cost	0.000000e+00
112	6	con	0.000000e+00
112	7	cost	-0.000000e+00
112	7	con	-0.000000e+00
112	8	cost	-0.000000e+00
112	8	con	-0.000000e+00
112	9	cost	0.000000e+00
112	9	con	-0.000000e+00
113	0	cost	0.000000e+00
113	0	con	-0.000000e+00
113	1	cost	-0.000000e+00
113	1	con	-0.000000e+00
113	2	cost	0.000000e+00
113	2	con	0.000000e+00
113	3	cost	-0.000000e+00
113	3	con	-0.000000e+00
113	4	cost	0.000000e+00
113	4	con	-0.000000e+00
113	5	cost	-0.000000e+00
113	5	con	0.000000e+00
113	6	cost	0.000000e+00
113	6	con	0.000000e+00
113	7	cost	-0.000000e+00
113	7	con	-0.000000e+00
113	8	cost	-0.000000e+00
113	8	con	0.000000e+00
113	9	cost	0.000000e+00
113	9	con	0.000000e+00
114	0	cost	0.000000e+00
114	0	con	-0.000000e+00
114	1	cost	0.000000e+00
114	1	con	0.000000e+00
114	2	cost	0.000000e+00
114	2	con	0.000000e+00
114	3	cost	-0.000000e+00
114	3	con	-0.000000e+00
114	4	cost	-0.000000e+00
114	4	con	-0.000000e+00
114	5	cost	-0.000000e+00
114	5	con	-0.000000e+00
114	6	cost	0.000000e+00
114	6	con	0.000000e+00
114	7	cost	0.000000e+00
114	7	con	-0.000000e+00
114	8	cost	-0.000000e+00
114	8	con	-0.000000e+00
114	9	cost	-0.000000e+00
114	9	con	0.000000e+00
115	0	cost	0.000000e+00
115	0	con	0.000000e+00
115	1	cost	-0.000000e+00
115	1	con	0.000000e+00
115	2	cost	-0.000000e+00
115	2	con	0.000000e+00
115	3	cost	0.000000e+00
115	3	con	0.000000e+00
115	4	cost	-0.000000e+00
115	4	con	0.000000e+00
115	5	cost	0.000000e+00
115	5	con	0.000000e+00
115	6	cost	0.000000e+00
115	6	con	0.000000e+00
115	7	cost	0.000000e+00
115	7	con	0.000000e+00
115	8	cost	0.000000e+00
115	8	con	0.000000e+00
115	9	cost	-0.000000e+00
115	9	con	-0.000000e+00
116	0	cost	0.000000e+00
116	0	con	-0.000000e+00
116	1	cost	-0.000000e+00
116	1	con	0.000000e+00
116	2	cost	0.000000e+00
116	2	con	-0.000000e+00
116	3	cost	-0.000000e+00
116	3	con	0.000000e+00
116	4	cost	0.000000e+00
116	4	con	0.000000e+00
116	5	cost	-0.000000e+00
116	5	con	0.000000e+00
116	6	cost	0.000000e+00
116	6	con	-0.000000e+00
116	7	cost	-0.000000e+00
116	7	con	0.000000e+00
116	8	cost	0.000000e+00
116	8	con	-0.000000e+00
116	9	cost	-0.000000e+00
116	9	con	0.000000e+00
117	0	cost	-0.000000e+00
117	0	con	-0.000000e+00
117	1	cost	0.000000e+00
117	1	con	-0.000000e+00
117	2	cost	-0.000000e+00
117	2	con	0.000000e+00
117	3	cost	-0.000000e+00
117	3	con	0.000000e+00
117	4	cost	-0.000000e+00
117	4	con	-0.000000e+00
117	5	cost	0.000000e+00
117	5	con	0.000000e+00
117	6	cost	0.000000e+00
117	6	con	-0.000000e+00
117	7	cost	-0.000000e+00
117	7	con	0.000000e+00
117	8	cost	-0.000000e+00
117	8	con	0.000000e+00
117	9	cost	-0.000000e+00
117	9	con	-0.000000e+00
118	0	cost	-0.000000e+00
118	0	con	-0.000000e+00
118	1	cost	-0.000000e+00
118	1	con	-0.000000e+00
118	2	cost	0.000000e+00
118	2	con	0.000000e+00
118	3	cost	-0.000000e+00
118	3	con	-0.000000e+00
118	4	cost	0.000000e+00
118	4	con	0.000000e+00
118	5	cost	0.000000e+00
118	5	con	-0.000000e+00
118	6	cost	0.000000e+00
118	6	con	-0.000000e+00
118	7	cost	0.000000e+00
118	7	con	0.000000e+00
118	8	cost	-0.000000e+00
118	8	con	0.000000e+00
118	9	cost	-0.000000e+00
118	9	con	-0.000000e+00
119	0	cost	-0.000000e+00
119	0	con	-0.000000e+00
119	1	cost	-0.000000e+00
119	1	con	0.000000e+00
119	2	cost	-0.000000e+00
119	2	con	-0.000000e+00
119	3	cost	-0.000000e+00
119	3	con	0.000000e+00
119	4	cost	0.000000e+00
119	4	con	0.000000e+00
119	5	cost	-0.000000e+00
119	5	con	-0.000000e+00
119	6	cost	-0.000000e+00
119	6	con	-0.000000e+00
119	7	cost	-0.000000e+00
119	7	con	0.000000e+00
119	8	cost	0.000000e+00
119	8	con	0.000000e+00
119	9	cost	-0.000000e+00
119	9	con	-0.000000e+00
120	0	cost	0.000000e+00
120	0	con	0.000000e+00
120	1	cost	0.000000e+00
120	1	con	0.000000e+00
120	2	cost	0.000000e+00
120	2	con	0.000000e+00
120	3	cost	0.000000e+00
120	3	con	-0.000000e+00
120	4	cost	-0.000000e+00
120	4	con	0.000000e+00
120	5	cost	-0.000000e+00
120	5	con	0.000000e+00
120	6	cost	-0.000000e+00
120	6	con	0.000000e+00
120	7	cost	0.000000e+00
120	7	con	0.000000e+00
120	8	cost	0.000000e+00
120	8	con	0.000000e+00
120	9	cost	0.000000e+00
120	9	con	0.000000e+00
121	0	cost	-0.000000e+00
121	0	con	-0.000000e+00
121	1	cost	-0.000000e+00
121	1	con	-0.000000e+00
121	2	cost	0.000000e+00
121	2	con	-0.000000e+00
121	3	cost	-0.000000e+00
121	3	con	-0.000000e+00
121	4	cost	0.000000e+00
121	4	con	0.000000e+00
121	5	cost	-0.000000e+00
121	5	con	-0.000000e+00
121	6	cost	0.000000e+00
121	6	con	0.000000e+00
121	7	cost	-0.000000e+00
121	7	con	-0.000000e+00
121	8	cost	0.000000e+00
121	8	con	0.000000e+00
121	9	cost	0.000000e+00
121	9	con	0.000000e+00
122	0	cost	-0.000000e+00
122	0	con	-0.000000e+00
122	1	cost	0.000000e+00
122	1	con	-0.000000e+00
122	2	cost	-0.000000e+00
122	2	con	-0.000000e+00
122	3	cost	-0.000000e+00
122	3	con	0.000000e+00
122	4	cost	-0.000000e+00
122	4	con	-0.000000e+00
122	5	cost	0.000000e+00
122	5	con	0.000000e+00
122	6	cost	-0.000000e+00
122	6	con	-0.000000e+00
122	7	cost	0.000000e+00
122	7	con	-0.000000e+00
122	8	cost	0.000000e+00
122	8	con	-0.000000e+00
122	9	cost	-0.000000e+00
122	9	con	0.000000e+00
123	0	cost	0.000000e+00
123	0	con	-0.000000e+00
123	1	cost	0.000000e+00
123	1	con	-0.000000e+00
123	2	cost	0.000000e+00
123	2	con	-0.000000e+00
123	3	cost	-0.000000e+00
123	3	con	-0.000000e+00
123	4	cost	0.000000e+00
123	4	con	-0.000000e+00
123	5	cost	0.000000e+00
123	5	con	-0.000000e+00
123	6	cost	0.000000e+00
123	6	con	0.000000e+00
123	7	cost	0.000000e+00
123	7	con	0.000000e+00
123	8	cost	0.000000e+00
123	8	con	-0.000000e+00
123	9	cost	-0.000000e+00
123	9	con	-0.000000e+00
124	0	cost	0.000000e+00
124	0	con	0.000000e+00
124	1	cost	-0.000000e+00
124	1	con	0.000000e+00
124	2	cost	0.000000e+00
124	2	con	-0.000000e+00
124	3	cost	0.000000e+00
124	3	con	-0.000000e+00
124	4	cost	-0.000000e+00
124	4	con	-0.000000e+00
124	5	cost	-0.000000e+00
124	5	con	-0.000000e+00
124	6	cost	-0.000000e+00
124	6	con	0.000000e+00
124	7	cost	-0.000000e+00
124	7	con	-0.000000e+00
124	8	cost	-0.000000e+00
124	8	con	-0.000000e+00
124	9	cost	-0.000000e+00
124	9	con	-0.000000e+00
125	0	cost	-0.000000e+00
125	0	con	0.000000e+00
125	1	cost	-0.000000e+00
125	1	con	0.000000e+00
125	2	cost	0.000000e+00
125	2	con	0.000000e+00
125	3	cost	0.000000e+00
125	3	con	-0.000000e+00
125	4	cost	0.000000e+00
125	4	con	0.000000e+00
125	5	cost	-0.000000e+00
125	5	con	0.000000e+00
125	6	cost	-0.000000e+00
125	6	con	-0.000000e+00
125	7	cost	0.000000e+00
125	7	con	-0.000000e+00
125	8	cost	0.000000e+00
125	8	con	0.000000e+00
125	9	cost	0.000000e+00
125	9	con	0.000000e+00
126	0	cost	-0.000000e+00
126	0	con	-0.000000e+00
126	1	cost	0.000000e+00
126	1	con	0.000000e+00
126	2	cost	0.000000e+00
126	2	con	0.000000e+00
126	3	cost	-0.000000e+00
126	3	con	0.000000e+00
126	4	cost	0.000000e+00
126	4	con	0.000000e+00
126	5	cost	0.000000e+00
126	5	con	-0.000000e+00
126	6	cost	0.000000e+00
126	6	con	-0.000000e+00
126	7	cost	0.000000e+00
126	7	con	-0.000000e+00
126	8	cost	0.000000e+00
126	8	con	-0.000000e+00
126	9	cost	-0.000000e+00
126	9	con	0.000000e+00
127	0	cost	0.000000e+00
127	0	con	0.000000e+00
127	1	cost	-0.000000e+00
127	1	con	0.000000e+00
127	2	cost	-0.000000e+00
127	2	con	0.000000e+00
127	3	cost	0.000000e+00
127	3	con	0.000000e+00
127	4	cost	0.000000e+00
127	4	con	-0.000000e+00
127	5	cost	0.000000e+00
127	5	con	-0.000000e+00
127	6	cost	0.000000e+00
127	6	con	0.000000e+00
127	7	cost	-0.000000e+00
127	7	con	-0.000000e+00
127	8	cost	0.000000e+00
127	8	con	0.000000e+00
127	9	cost	0.000000e+00
127	9	con	-0.000000e+00
128	0	cost	0.000000e+00
128	0	con	-0.000000e+00
128	1	cost	0.000000e+00
128	1	con	0.000000e+00
128	2	cost	0.000000e+00
128	2	con	0.000000e+00
128	3	cost	-0.000000e+00
128	3	con	0.000000e+00
128	4	cost	0.000000e+00
128	4	con	-0.000000e+00
128	5	cost	-0.000000e+00
128	5	con	0.000000e+00
128	6	cost	-0.000000e+00
128	6	con	-0.000000e+00
128	7	cost	0.000000e+00
128	7	con	0.000000e+00
128	8	cost	-0.000000e+00
128	8	con	-0.000000e+00
128	9	cost	0.000000e+00
128	9	con	0.000000e+00
129	0	cost	-0.000000e+00
129	0	con	0.000000e+00
129	1	cost	0.000000e+00
129	1	con	0.000000e+00
129	2	cost	0.000000e+00
129	2	con	-0.000000e+00
129	3	cost	-0.000000e+00
129	3	con	-0.000000e+00
129	4	cost	-0.000000e+00
129	4	con	-0.000000e+00
129	5	cost	-0.000000e+00
129	5	con	0.000000e+00
129	6	cost	-0.000000e+00
129	6	con	-0.000000e+00
129	7	cost	-0.000000e+00
129	7	con	-0.000000e+00
129	8	cost	-0.000000e+00
129	8	con	-0.000000e+00
129	9	cost	0.000000e+00
129	9	con	-0.000000e+00
130	0	cost	-0.000000e+00
130	0	con	-0.000000e+00
130	1	cost	0.000000e+00
130	1	con	-0.000000e+00
130	2	cost	0.000000e+00
130	2	con	-0.000000e+00
130	3	cost	0.000000e+00
130	3	con	-0.000000e+00
130	4	cost	-0.000000e+00
130	4	con	-0.000000e+00
130	5	cost	0.000000e+00
130	5	con	0.000000e+00
130	6	cost	-0.000000e+00
130	6	con	0.000000e+00
130	7	cost	-0.000000e+00
130	7	con	-0.000000e+00
130	8	cost	0.000000e+00
130	8	con	0.000000e+00
130	9	cost	0.000000e+00
130	9	con	0.000000e+00
131	0	cost	0.000000e+00
131	0	con	-0.000000e+00
131	1	cost	-0.000000e+00
131	1	con	0.000000e+00
131	2	cost	-0.000000e+00
131	2	con	-0.000000e+00
131	3	cost	0.000000e+00
131	3	con	-0.000000e+00
131	4	cost	0.000000e+00
131	4	con	0.000000e+00
131	5	cost	0.000000e+00
131	5	con	-0.000000e+00
131	6	cost	0.000000e+00
131	6	con	0.000000e+00
131	7	cost	0.000000e+00
131	7	con	0.000000e+00
131	8	cost	0.000000e+00
131	8	con	0.000000e+00
131	9	cost	-0.000000e+00
131	9	con	-0.000000e+00
132	0	cost	-0.000000e+00
132	0	con	-0.000000e+00
132	1	cost	-0.000000e+00
132	1	con	0.000000e+00
132	2	cost	0.000000e+00
132	2	con	-0.000000e+00
132	3	cost	-0.000000e+00
132	3	con	0.000000e+00
132	4	cost	0.000000e+00
132	4	con	0.000000e+00
132	5	cost	-0.000000e+00
132	5	con	-0.000000e+00
132	6	cost	-0.000000e+00
132	6	con	0.000000e+00
132	7	cost	-0.000000e+00
132	7	con	-0.000000e+00
132	8	cost	0.000000e+00
132	8	con	0.000000e+00
132	9	cost	0.000000e+00
132	9	con	-0.000000e+00
133	0	cost	-0.000000e+00
133	0	con	-0.000000e+00
133	1	cost	0.000000e+00
133	1	con	-0.000000e+00
133	2	cost	0.000000e+00
133	2	con	-0.000000e+00
133	3	cost	0.000000e+00
133	3	con	0.000000e+00
133	4	cost	0.000000e+00
133	4	con	0.000000e+00
133	5	cost	0.000000e+00
133	5	con	0.000000e+00
133	6	cost	-0.000000e+00
133	6	con	0.000000e+00
133	7	cost	0.000000e+00
133	7	con	0.000000e+00
133	8	cost	0.000000e+00
133	8	con	-0.000000e+00
133	9	cost	0.000000e+00
133	9	con	0.000000e+00
134	0	cost	0.000000e+00
134	0	con	-0.000000e+00
134	1	cost	0.000000e+00
134	1	con	-0.000000e+00
134	2	cost	-0.000000e+00
134	2	con	0.000000e+00
134	3	cost	-0.000000e+00
134	3	con	-0.000000e+00
134	4	cost	-0.000000e+00
134	4	con	-0.000000e+00
134	5	cost	-0.000000e+00
134	5	con	-0.000000e+00
134	6	cost	0.000000e+00
134	6	con	-0.000000e+00
134	7	cost	-0.000000e+00
134	7	con	-0.000000e+00
134	8	cost	-0.000000e+00
134	8	con	0.000000e+00
134	9	cost	-0.000000e+00
134	9	con	-0.000000e+00
135	0	cost	0.000000e+00
135	0	con	-0.000000e+00
135	1	cost	0.000000e+00
135	1	con	0.000000e+00
135	2	cost	-0.000000e+00
135	2	con	0.000000e+00
135	3	cost	0.000000e+00
135	3	con	0.000000e+00
135	4	cost	-0.000000e+00
135	4	con	-0.000000e+00
135	5	cost	-0.000000e+00
135	5	con	0.000000e+00
135	6	cost	-0.000000e+00
135	6	con	-0.000000e+00
135	7	cost	-0.000000e+00
135	7	con	0.000000e+00
135	8	cost	-0.000000e+00
135	8	con	-0.000000e+00
135	9	cost	0.000000e+00
135	9	con	0.000000e+00
136	0	cost	-0.000000e+00
136	0	con	0.000000e+00
136	1	cost	-0.000000e+00
136	1	con	0.000000e+00
136	2	cost	-0.000000e+00
136	2	con	-0.000000e+00
136	3	cost	-0.000000e+00
136	3	con	0.000000e+00
136	4	cost	0.000000e+00
136	4	con	-0.000000e+00
136	5	cost	0.000000e+00
136	5	con	0.000000e+00
136	6	cost	0.000000e+00
136	6	con	-0.000000e+00
136	7	cost	0.000000e+00
136	7	con	-0.000000e+00
136	8	cost	-0.000000e+00
136	8	con	0.000000e+00
136	9	cost	0.000000e+00
136	9	con	0.000000e+00
137	0	cost	0.000000e+00
137	0	con	0.000000e+00
137	1	cost	-0.000000e+00
137	1	con	-0.000000e+00
137	2	cost	-0.000000e+00
137	2	con	0.000000e+00
137	3	cost	-0.000000e+00
137	3	con	-0.000000e+00
137	4	cost	-0.000000e+00
137	4	con	-0.000000e+00
137	5	cost	-0.000000e+00
137	5	con	-0.000000e+00
137	6	cost	0.000000e+00
137	6	con	0.000000e+00
137	7	cost	0.000000e+00
137	7	con	-0.000000e+00
137	8	cost	0.000000e+00
137	8	con	-0.000000e+00
137	9	cost	0.000000e+00
137	9	con	0.000000e+00
138	0	cost	-0.000000e+00
138	0	con	0.000000e+00
138	1	cost	-0.000000e+00
138	1	con	-0.000000e+00
138	2	cost	-0.000000e+00
138	2	con	0.000000e+00
138	3	cost	0.000000e+00
138	3	con	0.000000e+00
138	4	cost	-0.000000e+00
138	4	con	0.000000e+00
138	5	cost	0.000000e+00
138	5	con	0.000000e+00
138	6	cost	0.000000e+00
138	6	con	0.000000e+00
138	7	cost	0.000000e+00
138	7	con	0.000000e+00
138	8	cost	0.000000e+00
138	8	con	-0.000000e+00
138	9	cost	-0.000000e+00
138	9	con	-0.000000e+00
139	0	cost	0.000000e+00
139	0	con	0.000000e+00
139	1	cost	-0.000000e+00
139	1	con	0.000000e+00
139	2	cost	0.000000e+00
139	2	con	0.000000e+00
139	3	cost	-0.000000e+00
139	3	con	0.000000e+00
139	4	cost	0.000000e+00
139	4	con	-0.000000e+00
139	5	cost	0.000000e+00
139	5	con	-0.000000e+00
139	6	cost	-0.000000e+00
139	6	con	0.000000e+00
139	7	cost	-0.000000e+00
139	7	con	-0.000000e+00
139	8	cost	-0.000000e+00
139	8	con	-0.000000e+00
139	9	cost	-0.000000e+00
139	9	con	0.000000e+00
140	0	cost	-0.000000e+00
140	0	con	0.000000e+00
140	1	cost	-0.000000e+00
140	1	con	-0.000000e+00
140	2	cost	-0.000000e+00
140	2	con	-0.000000e+00
140	3	cost	-0.000000e+00
140	3	con	0.000000e+00
140	4	cost	-0.000000e+00
140	4	con	-0.000000e+00
140	5	cost	-0.000000e+00
140	5	con	0.000000e+00
140	6	cost	0.000000e+00
140	6	con	0.000000e+00
140	7	cost	-0.000000e+00
140	7	con	-0.000000e+00
140	8	cost	-0.000000e+00
140	8	con	-0.000000e+00
140	9	cost	-0.000000e+00
140	9	con	0.000000e+00
141	0	cost	-0.000000e+00
141	0	con	0.000000e+00
141	1	cost	-0.000000e+00
141	1	con	0.000000e+00
141	2	cost	0.000000e+00
141	2	con	-0.000000e+00
141	3	cost	-0.000000e+00
141	3	con	-0.000000e+00
141	4	cost	-0.000000e+00
141	4	con	-0.000000e+00
141	5	cost	0.000000e+00
141	5	con	0.000000e+00
141	6	cost	-0.000000e+00
141	6	con	0.000000e+00
141	7	cost	-0.000000e+00
141	7	con	0.000000e+00
141	8	cost	-0.000000e+00
141	8	con	-0.000000e+00
141	9	cost	0.000000e+00
141	9	con	-0.000000e+00
142	0	cost	-0.000000e+00
142	0	con	-0.000000e+00
142	1	cost	-0.000000e+00
142	1	con	-0.000000e+00
142	2	cost	0.000000e+00
142	2	con	-0.000000e+00
142	3	cost	-0.000000e+00
142	3	con	0.000000e+00
142	4	cost	-0.000000e+00
142	4	con	0.000000e+00
142	5	cost	-0.000000e+00
142	5	con	-0.000000e+00
142	6	cost	-0.000000e+00
142	6	con	0.000000e+00
142	7	cost	0.000000e+00
142	7	con	-0.000000e+00
142	8	cost	0.000000e+00
142	8	con	0.000000e+00
142	9	cost	0.000000e+00
142	9	con	-0.000000e+00
143	0	cost	0.000000e+00
143	0	con	0.000000e+00
143	1	cost	-0.000000e+00
143	1	con	0.000000e+00
143	2	cost	-0.000000e+00
143	2	con	0.000000e+00
143	3	cost	-0.000000e+00
143	3	con	-0.000000e+00
143	4	cost	-0.000000e+00
143	4	con	0.000000e+00
143	5	cost	0.000000e+00
143	5	con	0.000000e+00
143	6	cost	0.000000e+00
143	6	con	0.000000e+00
143	7	cost	-0.000000e+00
143	7	con	-0.000000e+00
143	8	cost	-0.000000e+00
143	8	con	-0.000000e+00
143	9	cost	-0.000000e+00
143	9	con	0.000000e+00
144	0	cost	0.000000e+00
144	0	con	-0.000000e+00
144	1	cost	0.000000e+00
144	1	con	0.000000e+00
144	2	cost	0.000000e+00
144	2	con	-0.000000e+00
144	3	cost	-0.000000e+00
144	3	con	-0.000000e+00
144	4	cost	-0.000000e+00
144	4	con	-0.000000e+00
144	5	cost	-0.000000e+00
144	5	con	0.000000e+00
144	6	cost	0.000000e+00
144	6	con	-0.000000e+00
144	7	cost	0.000000e+00
144	7	con	0.000000e+00
144	8	cost	-0.000000e+00
144	8	con	0.000000e+00
144	9	cost	-0.000000e+00
144	9	con	-0.000000e+00
145	0	cost	-0.000000e+00
145	0	con	0.000000e+00
145	1	cost	0.000000e+00
145	1	con	-0.000000e+00
145	2	cost	-0.000000e+00
145	2	con	-0.000000e+00
145	3	cost	0.000000e+00
145	3	con	0.000000e+00
145	4	cost	-0.000000e+00
145	4	con	0.000000e+00
145	5	cost	-0.000000e+00
145	5	con	0.000000e+00
145	6	cost	0.000000e+00
145	6	con	0.000000e+00
145	7	cost	-0.000000e+00
145	7	con	-0.000000e+00
145	8	cost	-0.000000e+00
145	8	con	-0.000000e+00
145	9	cost	-0.000000e+00
145	9	con	0.000000e+00
146	0	cost	0.000000e+00
146	0	con	0.000000e+00
146	1	cost	0.000000e+00
146	1	con	-0.000000e+00
146	2	cost	-0.000000e+00
146	2	con	0.000000e+00
146	3	cost	0.000000e+00
146	3	con	0.000000e+00
146	4	cost	0.000000e+00
146	4	con	0.000000e+00
146	5	cost	0.000000e+00
146	5	con	0.000000e+00
146	6	cost	-0.000000e+00
146	6	con	0.000000e+00
146	7	cost	0.000000e+00
146	7	con	-0.000000e+00
146	8	cost	0.000000e+00
146	8	con	0.000000e+00
146	9	cost	-0.000000e+00
146	9	con	0.000000e+00
147	0	cost	0.000000e+00
147	0	con	-0.000000e+00
147	1	cost	0.000000e+00
147	1	con	-0.000000e+00
147	2	cost	-0.000000e+00
147	2	con	-0.000000e+00
147	3	cost	-0.000000e+00
147	3	con	0.000000e+00
147	4	cost	0.000000e+00
147	4	con	-0.000000e+00
147	5	cost	0.000000e+00
147	5	con	-0.000000e+00
147	6	cost	0.000000e+00
147	6	con	-0.000000e+00
147	7	cost	-0.000000e+00
147	7	con	0.000000e+00
147	8	cost	0.000000e+00
147	8	con	-0.000000e+00
147	9	cost	-0.000000e+00
147	9	con	-0.000000e+00
148	0	cost	-0.000000e+00
148	0	con	0.000000e+00
148	1	cost	-0.000000e+00
148	1	con	0.000000e+00
148	2	cost	0.000000e+00
148	2	con	-0.000000e+00
148	3	cost	-0.000000e+00
148	3	con	0.000000e+00
148	4	cost	-0.000000e+00
148	4	con	-0.000000e+00
148	5	cost	-0.000000e+00
148	5	con	0.000000e+00
148	6	cost	-0.000000e+00
148	6	con	-0.000000e+00
148	7	cost	-0.000000e+00
148	7	con	-0.000000e+00
148	8	cost	-0.000000e+00
148	8	con	-0.000000e+00
148	9	cost	0.000000e+00
148	9	con	-0.000000e+00
149	0	cost	-0.000000e+00
149	0	con	-0.000000e+00
149	1	cost	-0.000000e+00
149	1	con	0.000000e+00
149	2	cost	-0.000000e+00
149	2	con	0.000000e+00
149	3	cost	-0.000000e+00
149	3	con	0.000000e+00
149	4	cost	0.000000e+00
149	4	con	-0.000000e+00
149	5	cost	0.000000e+00
149	5	con	0.000000e+00
149	6	cost	-0.000000e+00
149	6	con	-0.000000e+00
149	7	cost	0.000000e+00
149	7	con	-0.000000e+00
149	8	cost	0.000000e+00
149	8	con	0.000000e+00
149	9	cost	-0.000000e+00
149	9	con	0.000000e+00
150	0	cost	0.000000e+00
150	0	con	0.000000e+00
150	1	cost	-0.000000e+00
150	1	con	0.000000e+00
150	2	cost	-0.000000e+00
150	2	con	-0.000000e+00
150	3	cost	-0.000000e+00
150	3	con	-0.000000e+00
150	4	cost	-0.000000e+00
150	4	con	0.000000e+00
150	5	cost	0.000000e+00
150	5	con	-0.000000e+00
150	6	cost	0.000000e+00
150	6	con	-0.000000e+00
150	7	cost	-0.000000e+00
150	7	con	-0.000000e+00
150	8	cost	0.000000e+00
150	8	con	-0.000000e+00
150	9	cost	-0.000000e+00
150	9	con	0.000000e+00
151	0	cost	-0.000000e+00
151	0	con	0.000000e+00
151	1	cost	-0.000000e+00
151	1	con	-0.000000e+00
151	2	cost	0.000000e+00
151	2	con	0.000000e+00
151	3	cost	0.000000e+00
151	3	con	-0.000000e+00
151	4	cost	0.000000e+00
151	4	con	0.000000e+00
151	5	cost	-0.000000e+00
151	5	con	-0.000000e+00
151	6	cost	-0.000000e+00
151	6	con	-0.000000e+00
151	7	cost	-0.000000e+00
151	7	con	0.000000e+00
151	8	cost	-0.000000e+00
151	8	con	0.000000e+00
151	9	cost	0.000000e+00
151	9	con	-0.000000e+00
152	0	cost	-0.000000e+00
152	0	con	-0.000000e+00
152	1	cost	-0.000000e+00
152	1	con	0.000000e+00
152	2	cost	-0.000000e+00
152	2	con	0.000000e+00
152	3	cost	0.000000e+00
152	3	con	0.000000e+00
152	4	cost	-0.000000e+00
152	4	con	-0.000000e+00
152	5	cost	0.000000e+00
152	5	con	-0.000000e+00
152	6	cost	-0.000000e+00
152	6	con	0.000000e+00
152	7	cost	-0.000000e+00
152	7	con	-0.000000e+00
152	8	cost	-0.000000e+00
152	8	con	-0.000000e+00
152	9	cost	0.000000e+00
152	9	con	0.000000e+00
153	0	cost	0.000000e+00
153	0	con	-0.000000e+00
153	1	cost	-0.000000e+00
153	1	con	-0.000000e+00
153	2	cost	-0.000000e+00
153	2	con	-0.000000e+00
153	3	cost	-0.000000e+00
153	3	con	-0.000000e+00
153	4	cost	-0.000000e+00
153	4	con	-0.000000e+00
153	5	cost	0.000000e+00
153	5	con	-0.000000e+00
153	6	cost	-0.000000e+00
153	6	con	-0.000000e+00
153	7	cost	-0.000000e+00
153	7	con	0.000000e+00
153	8	cost	-0.000000e+00
153	8	con	-0.000000e+00
153	9	cost	0.000000e+00
153	9	con	0.000000e+00
154	0	cost	0.000000e+00
154	0	con	0.000000e+00
154	1	cost	-0.000000e+00
154	1	con	0.000000e+00
154	2	cost	0.000000e+00
154	2	con	0.000000e+00
154	3	cost	-0.000000e+00
154	3	con	-0.000000e+00
154	4	cost	0.000000e+00
154	4	con	0.000000e+00
154	5	cost	-0.000000e+00
154	5	con	-0.000000e+00
154	6	cost	-0.000000e+00
154	6	con	0.000000e+00
154	7	cost	0.000000e+00
154	7	con	-0.000000e+00
154	8	cost	0.000000e+00
154	8	con	-0.000000e+00
154	9	cost	0.000000e+00
154	9	con	0.000000e+00
155	0	cost	0.000000e+00
155	0	con	-0.000000e+00
155	1	cost	0.000000e+00
155	1	con	-0.000000e+00
155	2	cost	-0.000000e+00
155	2	con	-0.000000e+00
155	3	cost	-0.000000e+00
155	3	con	0.000000e+00
155	4	cost	-0.000000e+00
155	4	con	-0.000000e+00
155	5	cost	0.000000e+00
155	5	con	-0.000000e+00
155	6	cost	0.000000e+00
155	6	con	0.000000e+00
155	7	cost	0.000000e+00
155	7	con	0.000000e+00
155	8	cost	-0.000000e+00
155	8	con	-0.000000e+00
155	9	cost	0.000000e+00
155	9	con	0.000000e+00
156	0	cost	0.000000e+00
156	0	con	0.000000e+00
156	1	cost	-0.000000e+00
156	1	con	-0.000000e+00
156	2	cost	-0.000000e+00
156	2	con	-0.000000e+00
156	3	cost	-0.000000e+00
156	3	con	0.000000e+00
156	4	cost	0.000000e+00
156	4	con	-0.000000e+00
156	5	cost	0.000000e+00
156	5	con	0.000000e+00
156	6	cost	0.000000e+00
156	6	con	0.000000e+00
156	7	cost	-0.000000e+00
156	7	con	-0.000000e+00
156	8	cost	-0.000000e+00
156	8	con	0.000000e+00
156	9	cost	0.000000e+00
156	9	con	0.000000e+00
157	0	cost	-0.000000e+00
157	0	con	0.000000e+00
157	1	cost	0.000000e+00
157	1	con	-0.000000e+00
157	2	cost	0.000000e+00
157	2	con	0.000000e+00
157	3	cost	-0.000000e+00
157	3	con	-0.000000e+00
157	4	cost	-0.000000e+00
157	4	con	0.000000e+00
157	5	cost	-0.000000e+00
157	5	con	-0.000000e+00
157	6	cost	-0.000000e+00
157	6	con	0.000000e+00
157	7	cost	0.000000e+00
157	7	con	-0.000000e+00
157	8	cost	-0.000000e+00
157	8	con	0.000000e+00
157	9	cost	-0.000000e+00
157	9	con	0.000000e+00
158	0	cost	0.000000e+00
158	0	con	-0.000000e+00
158	1	cost	0.000000e+00
158	1	con	0.000000e+00
158	2	cost	-0.000000e+00
158	2	con	0.000000e+00
158	3	cost	0.000000e+00
158	3	con	-0.000000e+00
158	4	cost	0.000000e+00
158	4	con	-0.000000e+00
158	5	cost	-0.000000e+00
158	5	con	-0.000000e+00
158	6	cost	-0.000000e+00
158	6	con	-0.000000e+00
158	7	cost	-0.000000e+00
158	7	con	-0.000000e+00
158	8	cost	0.000000e+00
158	8	con	0.000000e+00
158	9	cost	0.000000e+00
158	9	con	0.000000e+00
159	0	cost	-0.000000e+00
159	0	con	-0.000000e+00
159	1	cost	-0.000000e+00
159	1	con	0.000000e+00
159	2	cost	-0.000000e+00
159	2	con	-0.000000e+00
159	3	cost	0.000000e+00
159	3	con	0.000000e+00
159	4	cost	0.000000e+00
159	4	con	-0.000000e+00
159	5	cost	0.000000e+00
159	5	con	0.000000e+00
159	6	cost	-0.000000e+00
159	6	con	-0.000000e+00
159	7	cost	0.000000e+00
159	7	con	0.000000e+00
159	8	cost	-0.000000e+00
159	8	con	-0.000000e+00
159	9	cost	0.000000e+00
159	9	con	-0.000000e+00
160	0	cost	-0.000000e+00
160	0	con	0.000000e+00
160	1	cost	0.000000e+00
160	1	con	-0.000000e+00
160	2	cost	-0.000000e+00
160	2	con	-0.000000e+00
160	3	cost	-0.000000e+00
160	3	con	0.000000e+00
160	4	cost	0.000000e+00
160	4	con	-0.000000e+00
160	5	cost	-0.000000e+00
160	5	con	-0.000000e+00
160	6	cost	0.000000e+00
160	6	con	0.000000e+00
160	7	cost	0.000000e+00
160	7	con	0.000000e+00
160	8	cost	-0.000000e+00
160	8	con	0.000000e+00
160	9	cost	0.000000e+00
160	9	con	-0.000000e+00
161	0	cost	0.000000e+00
161	0	con	0.000000e+00
161	1	cost	0.000000e+00
161	1	con	-0.000000e+00
161	2	cost	-0.000000e+00
161	2	con	-0.000000e+00
161	3	cost	0.000000e+00
161	3	con	0.000000e+00
161	4	cost	-0.000000e+00
161	4	con	0.000000e+00
161	5	cost	0.000000e+00
161	5	con	-0.000000e+00
161	6	cost	-0.000000e+00
161	6	con	-0.000000e+00
161	7	cost	0.000000e+00
161	7	con	-0.000000e+00
161	8	cost	0.000000e+00
161	8	con	0.000000e+00
161	9	cost	-0.000000e+00
161	9	con	-0.000000e+00
162	0	cost	0.000000e+00
162	0	con	0.000000e+00
162	1	cost	0.000000e+00
162	1	con	0.000000e+00
162	2	cost	0.000000e+00
162	2	con	-0.000000e+00
162	3	cost	0.000000e+00
162	3	con	-0.000000e+00
162	4	cost	0.000000e+00
162	4	con	0.000000e+00
162	5	cost	-0.000000e+00
162	5	con	0.000000e+00
162	6	cost	-0.000000e+00
162	6	con	-0.000000e+00
162	7	cost	-0.000000e+00
162	7	con	-0.000000e+00
162	8	cost	0.000000e+00
162	8	con	-0.000000e+00
162	9	cost	-0.000000e+00
162	9	con	-0.000000e+00
163	0	cost	-0.000000e+00
163	0	con	-0.000000e+00
163	1	cost	-0.000000e+00
163	1	con	-0.000000e+00
163	2	cost	-0.000000e+00
163	2	con	0.000000e+00
163	3	cost	0.000000e+00
163	3	con	0.000000e+00
163	4	cost	0.000000e+00
163	4	con	-0.000000e+00
163	5	cost	0.000000e+00
163	5	con	-0.000000e+00
163	6	cost	-0.000000e+00
163	6	con	0.000000e+00
163	7	cost	-0.000000e+00
163	7	con	-0.000000e+00
163	8	cost	-0.000000e+00
163	8	con	-0.000000e+00
163	9	cost	0.000000e+00
163	9	con	0.000000e+00
164	0	cost	0.000000e+00
164	0	con	0.000000e+00
164	1	cost	0.000000e+00
164	1	con	-0.000000e+00
164	2	cost	0.000000e+00
164	2	con	-0.000000e+00
164	3	cost	-0.000000e+00
164	3	con	-0.000000e+00
164	4	cost	-0.000000e+00
164	4	con	-0.000000e+00
164	5	cost	0.000000e+00
164	5	con	-0.000000e+00
164	6	cost	0.000000e+00
164	6	con	0.000000e+00
164	7	cost	-0.000000e+00
164	7	con	0.000000e+00
164	8	cost	-0.000000e+00
164	8	con	-0.000000e+00
164	9	cost	-0.000000e+00
164	9	con	0.000000e+00
165	0	cost	0.000000e+00
165	0	con	0.000000e+00
165	1	cost	0.000000e+00
165	1	con	-0.000000e+00
165	2	cost	0.000000e+00
165	2	con	0.000000e+00
165	3	cost	0.000000e+00
165	3	con	-0.000000e+00
165	4	cost	0.000000e+00
165	4	con	0.000000e+00
165	5	cost	-0.000000e+00
165	5	con	-0.000000e+00
165	6	cost	0.000000e+00
165	6	con	0.000000e+00
165	7	cost	0.000000e+00
165	7	con	-0.000000e+00
165	8	cost	-0.000000e+00
165	8	con	-0.000000e+00
165	9	cost	-0.000000e+00
165	9	con	0.000000e+00
166	0	cost	-0.000000e+00
166	0	con	-0.000000e+00
166	1	cost	0.000000e+00
166	1	con	0.000000e+00
166	2	cost	-0.000000e+00
166	2	con	0.000000e+00
166	3	cost	-0.000000e+00
166	3	con	-0.000000e+00
166	4	cost	-0.000000e+00
166	4	con	-0.000000e+00
166	5	cost	-0.000000e+00
166	5	con	-0.000000e+00
166	6	cost	-0.000000e+00
166	6	con	-0.000000e+00
166	7	cost	-0.000000e+00
166	7	con	-0.000000e+00
166	8	cost	0.000000e+00
166	8	con	0.000000e+00
166	9	cost	0.000000e+00
166	9	con	0.000000e+00
167	0	cost	-0.000000e+00
167	0	con	-0.000000e+00
167	1	cost	0.000000e+00
167	1	con	0.000000e+00
167	2	cost	0.000000e+00
167	2	con	-0.000000e+00
167	3	cost	-0.000000e+00
167	3	con	0.000000e+00
167	4	cost	-0.000000e+00
167	4	con	-0.000000e+00
167	5	cost	-0.000000e+00
167	5	con	-0.000000e+00
167	6	cost	-0.000000e+00
167	6	con	-0.000000e+00
167	7	cost	-0.000000e+00
167	7	con	0.000000e+00
167	8	cost	-0.000000e+00
167	8	con	-0.000000e+00
167	9	cost	-0.000000e+00
167	9	con	0.000000e+00
168	0	cost	0.000000e+00
168	0	con	-0.000000e+00
168	1	cost	-0.000000e+00
168	1	con	0.000000e+00
168	2	cost	0.000000e+00
168	2	con	0.000000e+00
168	3	cost	0.000000e+00
168	3	con	0.000000e+00
168	4	cost	0.000000e+00
168	4	con	0.000000e+00
168	5	cost	-0.000000e+00
168	5	con	0.000000e+00
168	6	cost	-0.000000e+00
168	6	con	-0.000000e+00
168	7	cost	0.000000e+00
168	7	con	0.000000e+00
168	8	cost	0.000000e+00
168	8	con	0.000000e+00
168	9	cost	0.000000e+00
168	9	con	-0.000000e+00
169	0	cost	0.000000e+00
169	0	con	0.000000e+00
169	1	cost	0.000000e+00
169	1	con	-0.000000e+00
169	2	cost	0.000000e+00
169	2	con	-0.000000e+00
169	3	cost	-0.000000e+00
169	3	con	0.000000e+00
169	4	cost	0.000000e+00
169	4	con	0.000000e+00
169	5	cost	0.000000e+00
169	5	con	0.000000e+00
169	6	cost	0.000000e+00
169	6	con	0.000000e+00
169	7	cost	0.000000e+00
169	7	con	-0.000000e+00
169	8	cost	0.000000e+00
169	8	con	-0.000000e+00
169	9	cost	0.000000e+00
169	9	con	0.000000e+00
170	0	cost	0.000000e+00
170	0	con	0.000000e+00
170	1	cost	-0.000000e+00
170	1	con	-0.000000e+00
170	2	cost	-0.000000e+00
170	2	con	0.000000e+00
170	3	cost	0.000000e+00
170	3	con	-0.000000e+00
170	4	cost	-0.000000e+00
170	4	con	0.000000e+00
170	5	cost	0.000000e+00
170	5	con	-0.000000e+00
170	6	cost	0.000000e+00
170	6	con	0.000000e+00
170	7	cost	-0.000000e+00
170	7	con	-0.000000e+00
170	8	cost	0.000000e+00
170	8	con	0.000000e+00
170	9	cost	-0.000000e+00
170	9	con	0.000000e+00
171	0	cost	0.000000e+00
171	0	con	-0.000000e+00
171	1	cost	-0.000000e+00
171	1	con	-0.000000e+00
171	2	cost	0.000000e+00
171	2	con	0.000000e+00
171	3	cost	0.000000e+00
171	3	con	0.000000e+00
171	4	cost	0.000000e+00
171	4	con	-0.000000e+00
171	5	cost	0.000000e+00
171	5	con	-0.000000e+00
171	6	cost	-0.000000e+00
171	6	con	0.000000e+00
171	7	cost	0.000000e+00
171	7	con	-0.000000e+00
171	8	cost	0.000000e+00
171	8	con	0.000000e+00
171	9	cost	-0.000000e+00
171	9	con	0.000000e+00
172	0	cost	-0.000000e+00
172	0	con	0.000000e+00
172	1	cost	-0.000000e+00
172	1	con	-0.000000e+00
172	2	cost	-0.000000e+00
172	2	con	0.000000e+00
172	3	cost	0.000000e+00
172	3	con	-0.000000e+00
172	4	cost	0.000000e+00
172	4	con	-0.000000e+00
172	5	cost	-0.000000e+00
172	5	con	-0.000000e+00
172	6	cost	-0.000000e+00
172	6	con	-0.000000e+00
172	7	cost	0.000000e+00
172	7	con	-0.000000e+00
172	8	cost	-0.000000e+00
172	8	con	0.000000e+00
172	9	cost	0.000000e+00
172	9	con	-0.000000e+00
173	0	cost	-0.000000e+00
173	0	con	0.000000e+00
173	1	cost	0.000000e+00
173	1	con	0.000000e+00
173	2	cost	0.000000e+00
173	2	con	-0.000000e+00
173	3	cost	-0.000000e+00
173	3	con	-0.000000e+00
173	4	cost	-0.000000e+00
173	4	con	0.000000e+00
173	5	cost	-0.000000e+00
173	5	con	-0.000000e+00
173	6	cost	0.000000e+00
173	6	con	0.000000e+00
173	7	cost	0.000000e+00
173	7	con	0.000000e+00
173	8	cost	-0.000000e+00
173	8	con	-0.000000e+00
173	9	cost	-0.000000e+00
173	9	con	-0.000000e+00
174	0	cost	-0.000000e+00
174	0	con	0.000000e+00
174	1	cost	0.000000e+00
174	1	con	0.000000e+00
174	2	cost	-0.000000e+00
174	2	con	-0.000000e+00
174	3	cost	0.000000e+00
174	3	con	-0.000000e+00
174	4	cost	0.000000e+00
174	4	con	-0.000000e+00
174	5	cost	0.000000e+00
174	5	con	-0.000000e+00
174	6	cost	0.000000e+00
174	6	con	-0.000000e+00
174	7	cost	0.000000e+00
174	7	con	0.000000e+00
174	8	cost	0.000000e+00
174	8	con	-0.000000e+00
174	9	cost	-0.000000e+00
174	9	con	-0.000000e+00
175	0	cost	-0.000000e+00
175	0	con	-0.000000e+00
175	1	cost	0.000000e+00
175	1	con	0.000000e+00
175	2	cost	0.000000e+00
175	2	con	-0.000000e+00
175	3	cost	0.000000e+00
175	3	con	0.000000e+00
175	4	cost	0.000000e+00
175	4	con	-0.000000e+00
175	5	cost	0.000000e+00
175	5	con	-0.000000e+00
175	6	cost	-0.000000e+00
175	6	con	-0.000000e+00
175	7	cost	0.000000e+00
175	7	con	0.000000e+00
175	8	cost	0.000000e+00
175	8	con	-0.000000e+00
175	9	cost	0.000000e+00
175	9	con	-0.000000e+00
176	0	cost	0.000000e+00
176	0	con	-0.000000e+00
176	1	cost	-0.000000e+00
176	1	con	-0.000000e+00
176	2	cost	-0.000000e+00
176	2	con	0.000000e+00
176	3	cost	-0.000000e+00
176	3	con	-0.000000e+00
176	4	cost	-0.000000e+00
176	4	con	-0.000000e+00
176	5	cost	-0.000000e+00
176	5	con	-0.000000e+00
176	6	cost	-0.000000e+00
176	6	con	-0.000000e+00
176	7	cost	0.000000e+00
176	7	con	0.000000e+00
176	8	cost	-0.000000e+00
176	8	con	0.000000e+00
176	9	cost	0.000000e+00
176	9	con	0.000000e+00
177	0	cost	-0.000000e+00
177	0	con	0.000000e+00
177	1	cost	-0.000000e+00
177	1	con	-0.000000e+00
177	2	cost	-0.000000e+00
177	2	con	0.000000e+00
177	3	cost	0.000000e+00
177	3	con	0.000000e+00
177	4	cost	0.000000e+00
177	4	con	-0.000000e+00
177	5	cost	-0.000000e+00
177	5	con	-0.000000e+00
177	6	cost	-0.000000e+00
177	6	con	0.000000e+00
177	7	cost	0.000000e+00
177	7	con	0.000000e+00
177	8	cost	0.000000e+00
177	8	con	-0.000000e+00
177	9	cost	0.000000e+00
177	9	con	0.000000e+00
178	0	cost	-0.000000e+00
178	0	con	-0.000000e+00
178	1	cost	-0.000000e+00
178	1	con	0.000000e+00
178	2	cost	-0.000000e+00
178	2	con	-0.000000e+00
178	3	cost	-0.000000e+00
178	3	con	-0.000000e+00
178	4	cost	-0.000000e+00
178	4	con	-0.000000e+00
178	5	cost	0.000000e+00
178	5	con	0.000000e+00
178	6	cost	0.000000e+00
178	6	con	0.000000e+00
178	7	cost	0.000000e+00
178	7	con	0.000000e+00
178	8	cost	-0.000000e+00
178	8	con	-0.000000e+00
178	9	cost	0.000000e+00
178	9	con	0.000000e+00
179	0	cost	-0.000000e+00
179	0	con	0.000000e+00
179	1	cost	0.000000e+00
179	1	con	0.000000e+00
179	2	cost	0.000000e+00
179	2	con	0.000000e+00
179	3	cost	0.000000e+00
179	3	con	0.000000e+00
179	4	cost	0.000000e+00
179	4	con	-0.000000e+00
179	5	cost	0.000000e+00
179	5	con	0.000000e+00
179	6	cost	0.000000e+00
179	6	con	0.000000e+00
179	7	cost	0.000000e+00
179	7	con	0.000000e+00
179	8	cost	0.000000e+00
179	8	con	0.000000e+00
179	9	cost	0.000000e+00
179	9	con	0.000000e+00
180	0	cost	0.000000e+00
180	0	con	0.000000e+00
180	1	cost	-0.000000e+00
180	1	con	-0.000000e+00
180	2	cost	-0.000000e+00
180	2	con	-0.000000e+00
180	3	cost	0.000000e+00
180	3	con	-0.000000e+00
180	4	cost	-0.000000e+00
180	4	con	0.000000e+00
180	5	cost	0.000000e+00
180	5	con	0.000000e+00
180	6	cost	-0.000000e+00
180	6	con	0.000000e+00
180	7	cost	-0.000000e+00
180	7	con	0.000000e+00
180	8	cost	0.000000e+00
180	8	con	0.000000e+00
180	9	cost	0.000000e+00
180	9	con	0.000000e+00
181	0	cost	-0.000000e+00
181	0	con	0.000000e+00
181	1	cost	0.000000e+00
181	1	con	-0.000000e+00
181	2	cost	0.000000e+00
181	2	con	0.000000e+00
181	3	cost	-0.000000e+00
181	3	con	-0.000000e+00
181	4	cost	0.000000e+00
181	4	con	0.000000e+00
181	5	cost	-0.000000e+00
181	5	con	-0.000000e+00
181	6	cost	-0.000000e+00
181	6	con	-0.000000e+00
181	7	cost	-0.000000e+00
181	7	con	0.000000e+00
181	8	cost	0.000000e+00
181	8	con	0.000000e+00
181	9	cost	0.000000e+00
181	9	con	-0.000000e+00
182	0	cost	-0.000000e+00
182	0	con	0.000000e+00
182	1	cost	-0.000000e+00
182	1	con	-0.000000e+00
182	2	cost	0.000000e+00
182	2	con	0.000000e+00
182	3	cost	0.000000e+00
182	3	con	0.000000e+00
182	4	cost	-0.000000e+00
182	4	con	0.000000e+00
182	5	cost	-0.000000e+00
182	5	con	0.000000e+00
182	6	cost	0.000000e+00
182	6	con	0.000000e+00
182	7	cost	-0.000000e+00
182	7	con	-0.000000e+00
182	8	cost	0.000000e+00
182	8	con	-0.000000e+00
182	9	cost	-0.000000e+00
182	9	con	-0.000000e+00
183	0	cost	-0.000000e+00
183	0	con	-0.000000e+00
183	1	cost	0.000000e+00
183	1	con	-0.000000e+00
183	2	cost	0.000000e+00
183	2	con	0.000000e+00
183	3	cost	0.000000e+00
183	3	con	0.000000e+00
183	4	cost	0.000000e+00
183	4	con	-0.000000e+00
183	5	cost	-0.000000e+00
183	5	con	-0.000000e+00
183	6	cost	0.000000e+00
183	6	con	0.000000e+00
183	7	cost	0.000000e+00
183	7	con	0.000000e+00
183	8	cost	-0.000000e+00
183	8	con	0.000000e+00
183	9	cost	0.000000e+00
183	9	con	0.000000e+00
184	0	cost	-0.000000e+00
184	0	con	-0.000000e+00
184	1	cost	0.000000e+00
184	1	con	-0.000000e+00
184	2	cost	-0.000000e+00
184	2	con	-0.000000e+00
184	3	cost	-0.000000e+00
184	3	con	-0.000000e+00
184	4	cost	0.000000e+00
184	4	con	-0.000000e+00
184	5	cost	0.000000e+00
184	5	con	0.000000e+00
184	6	cost	0.000000e+00
184	6	con	-0.000000e+00
184	7	cost	0.000000e+00
184	7	con	0.000000e+00
184	8	cost	0.000000e+00
184	8	con	-0.000000e+00
184	9	cost	0.000000e+00
184	9	con	-0.000000e+00
185	0	cost	-0.000000e+00
185	0	con	0.000000e+00
185	1	cost	-0.000000e+00
185	1	con	0.000000e+00
185	2	cost	-0.000000e+00
185	2	con	-0.000000e+00
185	3	cost	0.000000e+00
185	3	con	-0.000000e+00
185	4	cost	0.000000e+00
185	4	con	0.000000e+00
185	5	cost	-0.000000e+00
185	5	con	-0.000000e+00
185	6	cost	-0.000000e+00
185	6	con	0.000000e+00
185	7	cost	-0.000000e+00
185	7	con	-0.000000e+00
185	8	cost	0.000000e+00
185	8	con	-0.000000e+00
185	9	cost	-0.000000e+00
185	9	con	0.000000e+00
186	0	cost	-0.000000e+00
186	0	con	0.000000e+00
186	1	cost	-0.000000e+00
186	1	con	-0.000000e+00
186	2	cost	-0.000000e+00
186	2	con	-0.000000e+00
186	3	cost	0.000000e+00
186	3	con	0.000000e+00
186	4	cost	-0.000000e+00
186	4	con	0.000000e+00
186	5	cost	-0.000000e+00
186	5	con	0.000000e+00
186	6	cost	-0.000000e+00
186	6	con	0.000000e+00
186	7	cost	-0.000000e+00
186	7	con	-0.000000e+00
186	8	cost	-0.000000e+00
186	8	con	-0.000000e+00
186	9	cost	-0.000000e+00
186	9	con	0.000000e+00
187	0	cost	-0.000000e+00
187	0	con	-0.000000e+00
187	1	cost	-0.000000e+00
187	1	con	0.000000e+00
187	2	cost	0.000000e+00
187	2	con	-0.000000e+00
187	3	cost	-0.000000e+00
187	3	con	0.000000e+00
187	4	cost	-0.000000e+00
187	4	con	0.000000e+00
187	5	cost	0.000000e+00
187	5	con	0.000000e+00
187	6	cost	-0.000000e+00
187	6	con	0.000000e+00
187	7	cost	0.000000e+00
187	7	con	0.000000e+00
187	8	cost	-0.000000e+00
187	8	con	0.000000e+00
187	9	cost	0.000000e+00
187	9	con	0.000000e+00
188	0	cost	0.000000e+00
188	0	con	0.000000e+00
188	1	cost	0.000000e+00
188	1	con	-0.000000e+00
188	2	cost	0.000000e+00
188	2	con	0.000000e+00
188	3	cost	0.000000e+00
188	3	con	-0.000000e+00
188	4	cost	-0.000000e+00
188	4	con	-0.000000e+00
188	5	cost	-0.000000e+00
188	5	con	-0.000000e+00
188	6	cost	0.000000e+00
188	6	con	0.000000e+00
188	7	cost	0.000000e+00
188	7	con	0.000000e+00
188	8	cost	0.000000e+00
188	8	con	0.000000e+00
188	9	cost	-0.000000e+00
188	9	con	0.000000e+00
189	0	cost	0.000000e+00
189	0	con	0.000000e+00
189	1	cost	-0.000000e+00
189	1	con	-0.000000e+00
189	2	cost	0.000000e+00
189	2	con	0.000000e+00
189	3	cost	0.000000e+00
189	3	con	0.000000e+00
189	4	cost	-0.000000e+00
189	4	con	0.000000e+00
189	5	cost	0.000000e+00
189	5	con	-0.000000e+00
189	6	cost	0.000000e+00
189	6	con	0.000000e+00
189	7	cost	-0.000000e+00
189	7	con	0.000000e+00
189	8	cost	-0.000000e+00
189	8	con	-0.000000e+00
189	9	cost	0.000000e+00
189	9	con	0.000000e+00
190	0	cost	0.000000e+00
190	0	con	-0.000000e+00
190	1	cost	0.000000e+00
190	1	con	0.000000e+00
190	2	cost	0.000000e+00
190	2	con	0.000000e+00
190	3	cost	0.000000e+00
190	3	con	-0.000000e+00
190	4	cost	-0.000000e+00
190	4	con	-0.000000e+00
190	5	cost	-0.000000e+00
190	5	con	0.000000e+00
190	6	cost	-0.000000e+00
190	6	con	0.000000e+00
190	7	cost	-0.000000e+00
190	7	con	0.000000e+00
190	8	cost	-0.000000e+00
190	8	con	-0.000000e+00
190	9	cost	-0.000000e+00
190	9	con	-0.000000e+00
191	0	cost	-0.000000e+00
191	0	con	-0.000000e+00
191	1	cost	0.000000e+00
191	1	con	-0.000000e+00
191	2	cost	-0.000000e+00
191	2	con	0.000000e+00
191	3	cost	0.000000e+00
191	3	con	-0.000000e+00
191	4	cost	-0.000000e+00
191	4	con	0.000000e+00
191	5	cost	0.000000e+00
191	5	con	-0.000000e+00
191	6	cost	-0.000000e+00
191	6	con	0.000000e+00
191	7	cost	0.000000e+00
191	7	con	-0.000000e+00
191	8	cost	0.000000e+00
191	8	con	-0.000000e+00
191	9	cost	0.000000e+00
191	9	con	-0.000000e+00
192	0	cost	0.000000e+00
192	0	con	0.000000e+00
192	1	cost	-0.000000e+00
192	1	con	-0.000000e+00
192	2	cost	0.000000e+00
192	2	con	-0.000000e+00
192	3	cost	0.000000e+00
192	3	con	0.000000e+00
192	4	cost	-0.000000e+00
192	4	con	-0.000000e+00
192	5	cost	-0.000000e+00
192	5	con	0.000000e+00
192	6	cost	-0.000000e+00
192	6	con	-0.000000e+00
192	7	cost	-0.000000e+00
192	7	con	0.000000e+00
192	8	cost	0.000000e+00
192	8	con	-0.000000e+00
192	9	cost	-0.000000e+00
192	9	con	0.000000e+00
193	0	cost	-0.000000e+00
193	0	con	0.000000e+00
193	1	cost	0.000000e+00
193	1	con	-0.000000e+00
193	2	cost	0.000000e+00
193	2	con	0.000000e+00
193	3	cost	0.000000e+00
193	3	con	-0.000000e+00
193	4	cost	0.000000e+00
193	4	con	0.000000e+00
193	5	cost	-0.000000e+00
193	5	con	0.000000e+00
193	6	cost	-0.000000e+00
193	6	con	-0.000000e+00
193	7	cost	0.000000e+00
193	7	con	-0.000000e+00
193	8	cost	0.000000e+00
193	8	con	0.000000e+00
193	9	cost	0.000000e+00
193	9	con	-0.000000e+00
194	0	cost	-0.000000e+00
194	0	con	0.000000e+00
194	1	cost	-0.000000e+00
194	1	con	-0.000000e+00
194	2	cost	-0.000000e+00
194	2	con	0.000000e+00
194	3	cost	0.000000e+00
194	3	con	0.000000e+00
194	4	cost	-0.000000e+00
194	4	con	0.000000e+00
194	5	cost	0.000000e+00
194	5	con	0.000000e+00
194	6	cost	-0.000000e+00
194	6	con	0.000000e+00
194	7	cost	0.000000e+00
194	7	con	0.000000e+00
194	8	cost	-0.000000e+00
194	8	con	0.000000e+00
194	9	cost	-0.000000e+00
194	9	con	0.000000e+00
195	0	cost	-0.000000e+00
195	0	con	-0.000000e+00
195	1	cost	-0.000000e+00
195	1	con	-0.000000e+00
195	2	cost	0.000000e+00
195	2	con	-0.000000e+00
195	3	cost	-0.000000e+00
195	3	con	0.000000e+00
195	4	cost	0.000000e+00
195	4	con	0.000000e+00
195	5	cost	-0.000000e+00
195	5	con	-0.000000e+00
195	6	cost	0.000000e+00
195	6	con	-0.000000e+00
195	7	cost	-0.000000e+00
195	7	con	-0.000000e+00
195	8	cost	-0.000000e+00
195	8	con	0.000000e+00
195	9	cost	0.000000e+00
195	9	con	0.000000e+00
196	0	cost	0.000000e+00
196	0	con	-0.000000e+00
196	1	cost	0.000000e+00
196	1	con	0.000000e+00
196	2	cost	-0.000000e+00
196	2	con	0.000000e+00
196	3	cost	0.000000e+00
196	3	con	-0.000000e+00
196	4	cost	0.000000e+00
196	4	con	-0.000000e+00
196	5	cost	0.000000e+00
196	5	con	-0.000000e+00
196	6	cost	-0.000000e+00
196	6	con	-0.000000e+00
196	7	cost	-0.000000e+00
196	7	con	0.000000e+00
196	8	cost	0.000000e+00
196	8	con	-0.000000e+00
196	9	cost	-0.000000e+00
196	9	con	0.000000e+00
197	0	cost	0.000000e+00
197	0	con	-0.000000e+00
197	1	cost	-0.000000e+00
197	1	con	-0.000000e+00
197	2	cost	-0.000000e+00
197	2	con	-0.000000e+00
197	3	cost	-0.000000e+00
197	3	con	-0.000000e+00
197	4	cost	-0.000000e+00
197	4	con	0.000000e+00
197	5	cost	0.000000e+00
197	5	con	0.000000e+00
197	6	cost	-0.000000e+00
197	6	con	-0.000000e+00
197	7	cost	0.000000e+00
197	7	con	-0.000000e+00
197	8	cost	-0.000000e+00
197	8	con	-0.000000e+00
197	9	cost	0.000000e+00
197	9	con	-0.000000e+00
198	0	cost	0.000000e+00
198	0	con	-0.000000e+00
198	1	cost	0.000000e+00
198	1	con	-0.000000e+00
198	2	cost	-0.000000e+00
198	2	con	-0.000000e+00
198	3	cost	-0.000000e+00
198	3	con	-0.000000e+00
198	4	cost	0.000000e+00
198	4	con	-0.000000e+00
198	5	cost	0.000000e+00
198	5	con	-0.000000e+00
198	6	cost	-0.000000e+00
198	6	con	-0.000000e+00
198	7	cost	-0.000000e+00
198	7	con	0.000000e+00
198	8	cost	-0.000000e+00
198	8	con	-0.000000e+00
198	9	cost	-0.000000e+00
198	9	con	-0.000000e+00
199	0	cost	-0.000000e+00
199	0	con	-0.000000e+00
199	1	cost	0.000000e+00
199	1	con	0.000000e+00
199	2	cost	-0.000000e+00
199	2	con	-0.000000e+00
199	3	cost	0.000000e+00
199	3	con	0.000000e+00
199	4	cost	-0.000000e+00
199	4	con	-0.000000e+00
199	5	cost	0.000000e+00
199	5	con	0.000000e+00
199	6	cost	-0.000000e+00
199	6	con	0.000000e+00
199	7	cost	0.000000e+00
199	7	con	-0.000000e+00
199	8	cost	0.000000e+00
199	8	con	-0.000000e+00
199	9	cost	-0.000000e+00
199	9	con	0.000000e+00
