2.85e-01
4.81e-01
-2.01e+00
5.89e-01
7.17e-01
2.96e-01
5.36e-01
-6.02e-01
4.67e-01
8.38e-01
-1.61e-01
6.62e-01
-3.73e-01
-1.82e-02
-6.87e-01
-8.41e-01
6.07e-01
8.73e-01
8.98e-01
1.64e-01
-8.36e-02
9.80e-01
2.22e+00
4.38e-01
-3.32e-01
-4.73e-01
3.64e-02
-1.37e-01
-6.30e-02
-1.47e+00
1.02e+00
5.34e-01
-1.88e-01
7.16e-02
1.96e+00
3.78e-01
1.52e+00
1.07e+00
2.87e-01
-7.33e-01
5.26e-01
-1.06e+00
5.40e-01
-6.58e-01
-9.82e-01
9.63e-01
1.08e+00
-6.39e-01
-1.32e+00
-1.89e-01
-8.78e-02
-1.10e+00
1.47e+00
-9.76e-01
7.49e-01
-1.82e+00
5.19e-01
-1.32e+00
8.82e-01
-1.28e-01
-6.70e-01
-1.97e-01
-3.59e-01
-5.42e-01
-2.88e-01
-9.86e-01
-2.86e-01
-6.99e-01
-5.67e-01
-1.54e+00
-3.16e-02
-4.71e-01
-4.23e-01
-2.35e+00
5.77e-01
-1.11e-01
1.27e+00
1.46e+00
1.87e+00
-3.87e-01
3.20e-01
7.17e-01
-8.42e-01
-1.32e+00
2.72e-01
1.25e-01
-2.50e-01
-9.63e-01
-1.53e+00
-7.59e-01
-1.36e+00
2.55e-01
1.96e-01
1.12e+00
-6.52e-02
-4.43e-01
-7.76e-01
9.30e-01
1.12e+00
-1.32e-01
7.43e-01
1.45e+00
2.17e-01
-1.79e+00
-7.09e-01
5.04e-01
-1.07e+00
-5.45e-01
9.45e-01
-1.17e+00
-5.97e-01
-7.63e-01
1.14e+00
-6.58e-01
1.57e+00
4.79e-01
2.21e+00
4.58e-01
1.71e-01
8.77e-03
-1.50e-01
5.60e-01
-9.36e-01
-1.30e+00
-5.27e-01
-9.31e-01
-1.24e+00
9.10e-01
1.49e-01
-1.12e-01
2.17e-01
-7.31e-02
-1.20e+00
7.67e-01
-8.44e-01
1.75e-01
1.11e+00
1.75e+00
-3.24e-01
9.21e-01
3.35e-01
-1.67e+00
-1.97e+00
1.14e+00
1.32e+00
-1.52e+00
4.66e-01
9.55e-01
1.36e+00
3.21e-01
-2.10e+00
-3.65e-01
1.01e+00
6.29e-01
-1.09e+00
1.63e+00
-5.28e-01
-1.82e+00
-5.77e-01
-4.31e-01
-1.06e+00
1.23e+00
7.82e-01
-4.53e-01
-2.47e-01
2.86e-02
7.21e-01
-9.79e-02
-8.19e-01
8.26e-01
7.64e-02
-3.52e-01
-1.54e+00
-1.96e+00
7.63e-01
3.34e-01
1.02e+00
-6.69e-01
-7.67e-02
-6.83e-01
-1.68e+00
8.30e-01
3.92e-01
-6.40e-01
-3.90e-01
-1.00e+00
5.85e-01
-1.15e+00
-1.91e+00
-1.07e+00
-9.49e-01
-1.43e+00
2.72e-01
-2.57e-01
-7.49e-01
-1.47e-01
1.59e+00
4.48e-01
8.31e-01
-2.59e-01
-1.68e+00
-6.23e-02
-8.32e-01
1.04e+00
1.38e+00
9.21e-01
-1.95e-01
7.18e-01
1.07e+00
-1.56e+00
7.78e-01
-9.17e-01
1.65e+00
-7.39e-01
-1.48e-01
-4.53e-01
-3.52e-02
-1.77e+00
1.79e-01
-3.72e-01
-7.47e-01
-1.58e+00
3.44e-01
4.05e-01
-6.91e-02
3.39e-01
-3.22e-01
-6.18e-01
-7.25e-01
2.09e-01
1.65e+00
1.14e+00
9.03e-01
6.97e-01
3.89e-01
-8.00e-01
1.64e-01
-4.68e-01
7.62e-01
-3.74e-01
1.94e+00
1.12e+00
1.65e-01
2.36e+00
-3.20e-01
-9.12e-01
7.03e-01
-1.36e+00
4.14e-01
-1.18e+00
-3.13e-01
1.28e+00
3.11e-01
-8.20e-01
-1.39e+00
8.40e-01
-8.93e-01
4.84e-02
-6.40e-01
9.96e-01
-3.71e-01
-1.37e-01
1.23e+00
1.55e+00
-1.09e+00
2.63e-01
-5.21e-03
5.36e-02
-7.23e-01
6.19e-01
1.91e+00
-1.48e+00
-1.03e+00
-1.20e+00
-2.71e-02
-1.36e+00
-1.78e+00
-2.41e-01
6.69e-01
7.02e-01
1.05e+00
5.79e-01
1.22e+00
6.43e-01
-5.46e-01
1.20e+00
2.75e-01
1.41e+00
-1.14e+00
-6.11e-01
-4.50e-01
-1.62e+00
2.29e+00
4.26e-01
-6.70e-01
-1.05e+00
-1.35e-01
2.01e+00
-5.16e-01
-1.58e+00
2.16e+00
6.57e-01
4.71e-02
4.18e-03
-9.48e-02
-2.74e-01
2.54e-02
-1.16e+00
-1.15e+00
-5.32e-01
-2.12e-01
1.57e-01
1.86e-01
1.82e-01
4.84e-01
1.31e-01
1.72e+00
-1.57e+00
-2.22e-01
-9.85e-01
-3.82e-01
-3.52e-02
1.31e+00
-8.23e-01
7.73e-01
-2.76e-01
-1.46e+00
-5.02e-01
5.16e-02
-6.21e-01
4.20e-01
1.68e+00
-2.23e-01
-2.25e-01
1.82e-02
1.65e+00
5.25e-01
3.91e-01
-8.59e-01
1.54e-01
-4.50e-02
1.95e-01
3.49e-01
4.86e-01
4.65e-01
5.48e-01
-2.32e-03
1.42e+00
1.34e+00
-1.19e+00
1.15e+00
-1.29e+00
-7.26e-01
1.28e-01
-1.27e-01
-3.73e-01
-7.29e-01
8.14e-01
-6.32e-01
7.65e-02
1.44e-01
2.68e-01
-2.39e-01
-5.36e-01
1.22e+00
2.01e-01
-5.59e-01
-1.02e+00
3.15e-02
-6.65e-02
2.10e-01
-8.22e-03
-4.15e-01
-8.49e-01
6.61e-01
-5.01e-01
-9.61e-01
1.67e-01
2.04e+00
5.87e-02
-4.59e-01
8.37e-01
4.17e-01
-1.55e-01
1.30e+00
-1.30e+00
-1.16e+00
9.83e-01
1.29e+00
-2.03e+00
7.78e-02
-1.70e-01
-1.84e-01
-6.73e-01
-1.32e-04
1.19e+00
-1.33e-01
3.28e-01
1.17e+00
-6.48e-01
1.11e+00
-1.59e+00
-5.92e-01
-8.90e-03
6.43e-01
-1.18e-01
1.64e-01
8.21e-01
-9.34e-01
-9.28e-01
7.62e-01
1.61e-01
2.33e-01
1.16e+00
-6.40e-01
-1.07e+00
2.78e-01
-5.11e-01
-4.36e-01
2.45e-01
2.15e-01
7.26e-01
2.05e-01
-2.00e-01
-3.83e+00
-1.74e-01
-7.86e-02
1.56e+00
-2.12e-01
8.17e-01
-1.25e+00
-6.33e-01
-7.95e-01
-2.28e-01
-7.87e-01
-1.47e-01
9.18e-01
-8.55e-01
7.67e-01
-4.91e-01
1.60e+00
-1.23e+00
2.24e+00
-8.30e-01
-7.13e-01
-1.12e+00
-5.15e-01
-5.28e-02
-8.48e-01
-1.83e+00
